56
0 x_1_2 1
0 y_1_2 2
0 y_1_2 3
0 hz_1_2 4
0 y_1_2 7
0 y_1_2 8
0 x_1_2 9
0 y_1_2 10
0 hz_1_2 11
0 x_1_2 12
0 y_1_2 13
0 x_1_2 14
0 y_1_2 15
0 hz_1_2 16
0 y_1_2 17
0 x_1_2 19
0 hz_1_2 20
0 y_1_2 21
0 hz_1_2 22
0 hz_1_2 23
0 y_1_2 25
0 hz_1_2 26
0 y_1_2 27
0 x_1_2 28
0 y_1_2 29
0 y_1_2 31
0 x_1_2 32
0 hz_1_2 33
0 x_1_2 34
0 hz_1_2 35
0 x_1_2 36
0 y_1_2 37
0 y_1_2 38
0 y_1_2 39
0 hz_1_2 40
0 x_1_2 41
0 y_1_2 43
0 y_1_2 44
0 x_1_2 45
0 x_1_2 46
0 x_1_2 47
0 y_1_2 48
0 y_1_2 49
0 y_1_2 50
0 x_1_2 51
0 x_1_2 52
0 x_1_2 53
0 hz_1_2 55
0 y_1_2 56
0 hz_1_2 57
0 y_1_2 58
0 y_1_2 59
0 y_1_2 61
0 hz_1_2 62
0 x_1_2 63
0 hz_1_2 64
1 fsimplus(1.5979554653167725, -0.10773517191410065, 1.4501397609710693, 3.719292402267456, -12.648089741109384) 3 9
1 fsimplus(1.6206047534942627, -0.1272132694721222, -0.9637511372566223, -0.9392303228378296, -16.783371647520045) 4 10
1 fsimplus(1.5413240194320679, -0.1283116191625595, 0.8466215133666992, 0.6190890073776245, -11.781362763386275) 7 12
1 fsimplus(1.6063297986984253, -0.11263466626405716, 0.40882909297943115, 0.8336535692214966, 12.324035602051287) 8 13
1 fsimplus(1.5983155965805054, -0.158058762550354, -0.4594337046146393, 0.4942000210285187, -7.861995424337466) 14 20
1 fsimplus(1.59918212890625, -0.12558265030384064, -0.4692456126213074, -1.0348939895629883, -10.570779209239662) 15 21
1 fsimplus(1.5381124019622803, -0.129357248544693, -0.18845537304878235, -1.3278207778930664, 16.817855496491326) 16 22
1 fsimplus(1.5323961973190308, -0.14528799057006836, 1.5222502946853638, -0.08053646981716156, -12.545805834985337) 23 28
1 fsimplus(1.6076531410217285, -0.14802110195159912, -0.053584180772304535, -1.5703483819961548, -7.396911018682097) 25 31
1 fsimplus(1.5436575412750244, -0.15254975855350494, 0.6418281197547913, -0.5436755418777466, 17.138971048270747) 26 32
1 fsimplus(1.598997950553894, -0.13433457911014557, 1.3404016494750977, 0.9307005405426025, -7.6461763553795095) 27 33
1 fsimplus(1.5955685377120972, -0.13304831087589264, -0.44950228929519653, -2.0927577018737793, -5.950073054170138) 34 39
1 fsimplus(1.5310243368148804, -0.15074193477630615, 0.36913245916366577, 0.9948738217353821, -15.532667122542486) 35 40
1 fsimplus(1.5274745225906372, -0.1400471180677414, 1.2695279121398926, 0.0011498271487653255, 26.513251785832388) 37 43
1 fsimplus(1.531766653060913, -0.15104913711547852, 1.444717288017273, -0.46212872862815857, -13.67066890061494) 38 44
1 fsimplus(1.5244033336639404, -0.12593550980091095, -0.7218642830848694, 2.821868658065796, -4.965272598476946) 45 50
1 fsimplus(1.605748176574707, -0.1509491205215454, -1.514675259590149, -0.2703818082809448, 17.12661884802955) 46 51
1 fsimplus(1.531211256980896, -0.12840406596660614, -0.6747065782546997, -1.5842417478561401, 17.262460819536187) 47 52
1 fsimplus(1.5358898639678955, -0.13996633887290955, 0.7505143284797668, 0.7865577936172485, -6.827734495628723) 49 55
1 fsimplus(1.6150641441345215, -0.1307845413684845, 0.2545004189014435, 2.9044272899627686, 20.61812866032793) 56 61
1 fsimplus(1.5325641632080078, -0.12452762573957443, -0.5045234560966492, -1.5445146560668945, 13.104903751443526) 57 62
1 fsimplus(1.5275187492370605, -0.1414560079574585, 0.0701705813407898, 1.5085934400558472, -7.6536001788470145) 58 63
1 fsimplus(1.6067646741867065, -0.12805402278900146, -1.052878737449646, 0.5938245058059692, 16.038411274992146) 59 64
2 hz_1_2 1
2 x_1_2 2
2 hz_1_2 3
2 y_1_2 4
2 x_1_2 7
2 hz_1_2 8
2 y_1_2 9
2 x_1_2 10
2 y_1_2 11
2 hz_1_2 12
2 hz_1_2 13
2 hz_1_2 14
2 x_1_2 15
2 x_1_2 16
2 hz_1_2 17
2 hz_1_2 19
2 x_1_2 20
2 x_1_2 21
2 x_1_2 22
2 y_1_2 23
2 x_1_2 25
2 y_1_2 26
2 hz_1_2 27
2 hz_1_2 28
2 x_1_2 29
2 x_1_2 31
2 hz_1_2 32
2 x_1_2 33
2 hz_1_2 34
2 y_1_2 35
2 hz_1_2 36
2 hz_1_2 37
2 x_1_2 38
2 hz_1_2 39
2 x_1_2 40
2 hz_1_2 41
2 x_1_2 43
2 x_1_2 44
2 y_1_2 45
2 y_1_2 46
2 hz_1_2 47
2 x_1_2 48
2 x_1_2 49
2 hz_1_2 50
2 y_1_2 51
2 hz_1_2 52
2 hz_1_2 53
2 y_1_2 55
2 x_1_2 56
2 x_1_2 57
2 x_1_2 58
2 hz_1_2 59
2 x_1_2 61
2 x_1_2 62
2 y_1_2 63
2 x_1_2 64
3 fsimplus(1.5446350574493408, -0.13468104600906372, -0.6687090992927551, -0.795185387134552, 63.389822308284614) 1 7
3 fsimplus(1.5307981967926025, -0.13552452623844147, 1.5385503768920898, -0.1771245002746582, -61.04914879060981) 2 8
3 fsimplus(1.617964506149292, -0.12122070789337158, 0.6821352243423462, -0.6313515901565552, 58.17539341512695) 9 14
3 fsimplus(1.632840633392334, -0.1428118646144867, 0.6131274700164795, 0.17972370982170105, 14.801191020779273) 10 15
3 fsimplus(1.5432918071746826, -0.11193565279245377, 0.8540021777153015, -0.0955786183476448, -22.656708556902636) 11 16
3 fsimplus(1.5604987144470215, -0.1448139250278473, -0.7449406385421753, 0.565971314907074, -14.071951790093305) 13 19
3 fsimplus(1.5242356061935425, -0.14853712916374207, -0.8374187350273132, 2.2156941890716553, -50.49227159971741) 17 23
3 fsimplus(1.5479425191879272, -0.09543639421463013, 0.38279932737350464, -0.35853591561317444, -20.363616772737622) 20 25
3 fsimplus(1.6059616804122925, -0.1287727802991867, -1.3430296182632446, -0.7409613132476807, -79.45925931993814) 21 26
3 fsimplus(1.5293766260147095, -0.14510102570056915, 0.6160158514976501, 0.7413054704666138, -23.76457704698436) 22 27
3 fsimplus(1.5485318899154663, -0.134323388338089, 0.973257303237915, 0.460052490234375, -24.242140278257565) 28 34
3 fsimplus(1.6048939228057861, -0.13388706743717194, -0.29760903120040894, -1.6896480321884155, -50.99654969173909) 29 35
3 fsimplus(1.5176513195037842, -0.13378562033176422, -0.5584571361541748, 1.9715285301208496, -30.590314815241904) 31 36
3 fsimplus(1.5248841047286987, -0.11243146657943726, 1.43203866481781, 1.06298828125, -66.10600053671793) 32 37
3 fsimplus(1.6163146495819092, -0.1473688781261444, 1.085403323173523, 2.295940637588501, 64.49394506227485) 33 38
3 fsimplus(1.6081222295761108, -0.11798654496669769, -1.2561837434768677, 1.0439376831054688, 77.00805934641633) 39 45
3 fsimplus(1.5173612833023071, -0.13742820918560028, -0.46315112709999084, -2.284120559692383, 11.40653318537312) 40 46
3 fsimplus(1.6117135286331177, -0.12957586348056793, 0.2832072675228119, 1.8054405450820923, -50.034952513949364) 41 47
3 fsimplus(1.5955312252044678, -0.1527898609638214, 0.8986088633537292, 0.08721911907196045, -23.31628220291984) 43 48
3 fsimplus(1.5399425029754639, -0.155563086271286, 0.28087669610977173, 0.691842257976532, -43.46438320757805) 44 49
3 fsimplus(1.630867600440979, -0.1396857649087906, -0.01795892044901848, 1.9695262908935547, -11.409929096150385) 50 56
3 fsimplus(1.6132863759994507, -0.13656151294708252, -1.5900704860687256, 0.08506719768047333, -76.50082217748364) 51 57
3 fsimplus(1.5439438819885254, -0.13192331790924072, -0.459609717130661, -1.8153867721557617, 70.91801599431383) 52 58
3 fsimplus(1.6094332933425903, -0.12019175291061401, 0.2479204535484314, 0.6788816452026367, 76.44127563053327) 53 59
4 y_1_2 1
4 hz_1_2 2
4 x_1_2 3
4 hz_1_2 4
4 y_1_2 7
4 x_1_2 8
4 x_1_2 9
4 y_1_2 10
4 x_1_2 11
4 y_1_2 12
4 y_1_2 13
4 x_1_2 14
4 hz_1_2 15
4 hz_1_2 16
4 x_1_2 17
4 y_1_2 19
4 hz_1_2 20
4 y_1_2 21
4 hz_1_2 22
4 hz_1_2 23
4 y_1_2 25
4 hz_1_2 26
4 x_1_2 27
4 y_1_2 28
4 y_1_2 29
4 hz_1_2 31
4 x_1_2 32
4 y_1_2 33
4 x_1_2 34
4 hz_1_2 35
4 y_1_2 36
4 y_1_2 37
4 hz_1_2 38
4 y_1_2 39
4 y_1_2 40
4 x_1_2 41
4 hz_1_2 43
4 y_1_2 44
4 x_1_2 45
4 hz_1_2 46
4 x_1_2 47
4 y_1_2 48
4 hz_1_2 49
4 x_1_2 50
4 hz_1_2 51
4 y_1_2 52
4 x_1_2 53
4 hz_1_2 55
4 hz_1_2 56
4 hz_1_2 57
4 hz_1_2 58
4 x_1_2 59
4 y_1_2 61
4 hz_1_2 62
4 hz_1_2 63
4 hz_1_2 64
5 fsimplus(1.5979554653167725, -0.10773517191410065, 1.4501397609710693, 3.719292402267456, -77.54146134086298) 3 9
5 fsimplus(1.6206047534942627, -0.1272132694721222, -0.9637511372566223, -0.9392303228378296, -90.8844081022311) 4 10
5 fsimplus(1.5413240194320679, -0.1283116191625595, 0.8466215133666992, 0.6190890073776245, -79.03652038560078) 7 12
5 fsimplus(1.6063297986984253, -0.11263466626405716, 0.40882909297943115, 0.8336535692214966, 64.61302462323982) 8 13
5 fsimplus(1.5983155965805054, -0.158058762550354, -0.4594337046146393, 0.4942000210285187, -39.37863629363028) 14 20
5 fsimplus(1.59918212890625, -0.12558265030384064, -0.4692456126213074, -1.0348939895629883, -55.340560339354276) 15 21
5 fsimplus(1.5381124019622803, -0.129357248544693, -0.18845537304878235, -1.3278207778930664, 84.10858660382675) 16 22
5 fsimplus(1.5323961973190308, -0.14528799057006836, 1.5222502946853638, -0.08053646981716156, -66.56616004437852) 23 28
5 fsimplus(1.6076531410217285, -0.14802110195159912, -0.053584180772304535, -1.5703483819961548, -47.50876601971658) 25 31
5 fsimplus(1.5436575412750244, -0.15254975855350494, 0.6418281197547913, -0.5436755418777466, 105.24202463614292) 26 32
5 fsimplus(1.598997950553894, -0.13433457911014557, 1.3404016494750977, 0.9307005405426025, -42.60427685740108) 27 33
5 fsimplus(1.5955685377120972, -0.13304831087589264, -0.44950228929519653, -2.0927577018737793, -22.480008052676443) 34 39
5 fsimplus(1.5310243368148804, -0.15074193477630615, 0.36913245916366577, 0.9948738217353821, -77.68284626142533) 35 40
5 fsimplus(1.5274745225906372, -0.1400471180677414, 1.2695279121398926, 0.0011498271487653255, 135.66260603472733) 37 43
5 fsimplus(1.531766653060913, -0.15104913711547852, 1.444717288017273, -0.46212872862815857, -62.84936176396325) 38 44
5 fsimplus(1.5244033336639404, -0.12593550980091095, -0.7218642830848694, 2.821868658065796, -23.901368791605307) 45 50
5 fsimplus(1.605748176574707, -0.1509491205215454, -1.514675259590149, -0.2703818082809448, 96.55047554031788) 46 51
5 fsimplus(1.531211256980896, -0.12840406596660614, -0.6747065782546997, -1.5842417478561401, 89.43006002107738) 47 52
5 fsimplus(1.5358898639678955, -0.13996633887290955, 0.7505143284797668, 0.7865577936172485, -39.82269205071966) 49 55
5 fsimplus(1.6150641441345215, -0.1307845413684845, 0.2545004189014435, 2.9044272899627686, 101.55807594529537) 56 61
5 fsimplus(1.5325641632080078, -0.12452762573957443, -0.5045234560966492, -1.5445146560668945, 84.77997521569202) 57 62
5 fsimplus(1.5275187492370605, -0.1414560079574585, 0.0701705813407898, 1.5085934400558472, -45.9937489260758) 58 63
5 fsimplus(1.6067646741867065, -0.12805402278900146, -1.052878737449646, 0.5938245058059692, 91.93095777934941) 59 64
6 hz_1_2 1
6 x_1_2 2
6 hz_1_2 3
6 y_1_2 4
6 hz_1_2 7
6 y_1_2 8
6 y_1_2 9
6 x_1_2 10
6 y_1_2 11
6 x_1_2 12
6 hz_1_2 13
6 hz_1_2 14
6 x_1_2 15
6 y_1_2 16
6 y_1_2 17
6 x_1_2 19
6 y_1_2 20
6 x_1_2 21
6 y_1_2 22
6 y_1_2 23
6 hz_1_2 25
6 y_1_2 26
6 y_1_2 27
6 x_1_2 28
6 hz_1_2 29
6 y_1_2 31
6 hz_1_2 32
6 hz_1_2 33
6 hz_1_2 34
6 x_1_2 35
6 hz_1_2 36
6 x_1_2 37
6 x_1_2 38
6 x_1_2 39
6 x_1_2 40
6 hz_1_2 41
6 y_1_2 43
6 x_1_2 44
6 y_1_2 45
6 x_1_2 46
6 hz_1_2 47
6 hz_1_2 48
6 y_1_2 49
6 y_1_2 50
6 x_1_2 51
6 x_1_2 52
6 y_1_2 53
6 y_1_2 55
6 y_1_2 56
6 x_1_2 57
6 y_1_2 58
6 hz_1_2 59
6 x_1_2 61
6 y_1_2 62
6 y_1_2 63
6 y_1_2 64
7 fsimplus(1.5446350574493408, -0.13468104600906372, -0.6687090992927551, -0.795185387134552, 151.26256508527084) 1 7
7 fsimplus(1.5307981967926025, -0.13552452623844147, 1.5385503768920898, -0.1771245002746582, -142.28065195878474) 2 8
7 fsimplus(1.617964506149292, -0.12122070789337158, 0.6821352243423462, -0.6313515901565552, 140.54818200285135) 9 14
7 fsimplus(1.632840633392334, -0.1428118646144867, 0.6131274700164795, 0.17972370982170105, 36.28977645557346) 10 15
7 fsimplus(1.5432918071746826, -0.11193565279245377, 0.8540021777153015, -0.0955786183476448, -52.74050812343849) 11 16
7 fsimplus(1.5604987144470215, -0.1448139250278473, -0.7449406385421753, 0.565971314907074, -37.709615810542914) 13 19
7 fsimplus(1.5242356061935425, -0.14853712916374207, -0.8374187350273132, 2.2156941890716553, -123.91007709793084) 17 23
7 fsimplus(1.5479425191879272, -0.09543639421463013, 0.38279932737350464, -0.35853591561317444, -45.43338862202417) 20 25
7 fsimplus(1.6059616804122925, -0.1287727802991867, -1.3430296182632446, -0.7409613132476807, -185.8254467793213) 21 26
7 fsimplus(1.5293766260147095, -0.14510102570056915, 0.6160158514976501, 0.7413054704666138, -58.24591950099363) 22 27
7 fsimplus(1.5485318899154663, -0.134323388338089, 0.973257303237915, 0.460052490234375, -56.51829339172996) 28 34
7 fsimplus(1.6048939228057861, -0.13388706743717194, -0.29760903120040894, -1.6896480321884155, -120.67180451305602) 29 35
7 fsimplus(1.5176513195037842, -0.13378562033176422, -0.5584571361541748, 1.9715285301208496, -73.88874726179857) 31 36
7 fsimplus(1.5248841047286987, -0.11243146657943726, 1.43203866481781, 1.06298828125, -159.2227151048794) 32 37
7 fsimplus(1.6163146495819092, -0.1473688781261444, 1.085403323173523, 2.295940637588501, 150.2029397752053) 33 38
7 fsimplus(1.6081222295761108, -0.11798654496669769, -1.2561837434768677, 1.0439376831054688, 182.1684156812884) 39 45
7 fsimplus(1.5173612833023071, -0.13742820918560028, -0.46315112709999084, -2.284120559692383, 28.08096254612315) 40 46
7 fsimplus(1.6117135286331177, -0.12957586348056793, 0.2832072675228119, 1.8054405450820923, -119.47366199606019) 41 47
7 fsimplus(1.5955312252044678, -0.1527898609638214, 0.8986088633537292, 0.08721911907196045, -52.61196404239538) 43 48
7 fsimplus(1.5399425029754639, -0.155563086271286, 0.28087669610977173, 0.691842257976532, -105.98166604343037) 44 49
7 fsimplus(1.630867600440979, -0.1396857649087906, -0.01795892044901848, 1.9695262908935547, -25.907041125324263) 50 56
7 fsimplus(1.6132863759994507, -0.13656151294708252, -1.5900704860687256, 0.08506719768047333, -183.88067059433294) 51 57
7 fsimplus(1.5439438819885254, -0.13192331790924072, -0.459609717130661, -1.8153867721557617, 168.69375690243544) 52 58
7 fsimplus(1.6094332933425903, -0.12019175291061401, 0.2479204535484314, 0.6788816452026367, 182.7436508588748) 53 59
8 x_1_2 1
8 y_1_2 2
8 y_1_2 3
8 hz_1_2 4
8 y_1_2 7
8 hz_1_2 8
8 x_1_2 9
8 y_1_2 10
8 x_1_2 11
8 y_1_2 12
8 x_1_2 13
8 y_1_2 14
8 hz_1_2 15
8 x_1_2 16
8 hz_1_2 17
8 y_1_2 19
8 hz_1_2 20
8 hz_1_2 21
8 x_1_2 22
8 x_1_2 23
8 y_1_2 25
8 hz_1_2 26
8 x_1_2 27
8 hz_1_2 28
8 y_1_2 29
8 x_1_2 31
8 x_1_2 32
8 y_1_2 33
8 x_1_2 34
8 y_1_2 35
8 y_1_2 36
8 hz_1_2 37
8 hz_1_2 38
8 hz_1_2 39
8 y_1_2 40
8 x_1_2 41
8 x_1_2 43
8 y_1_2 44
8 hz_1_2 45
8 hz_1_2 46
8 x_1_2 47
8 x_1_2 48
8 x_1_2 49
8 hz_1_2 50
8 y_1_2 51
8 y_1_2 52
8 hz_1_2 53
8 hz_1_2 55
8 x_1_2 56
8 y_1_2 57
8 x_1_2 58
8 x_1_2 59
8 hz_1_2 61
8 x_1_2 62
8 x_1_2 63
8 hz_1_2 64
9 fsimplus(1.600311040878296, -0.12419997155666351, -1.4836472272872925, -0.09175607562065125, -59.20735622564005) 3 10
9 fsimplus(1.6215472221374512, -0.1396775096654892, 1.4284284114837646, 1.3345654010772705, -275.7391592327898) 4 11
9 fsimplus(1.6060925722122192, -0.12337405979633331, -1.401180624961853, 0.75766521692276, 157.90620009857022) 8 14
9 fsimplus(1.5806424617767334, -0.15211080014705658, 0.8753284811973572, -2.5258655548095703, 130.52010845279693) 9 15
9 fsimplus(1.5282790660858154, -0.14381331205368042, -0.3881719708442688, -3.0333142280578613, 52.11853651917612) 12 19
9 fsimplus(1.5015573501586914, -0.14111976325511932, 1.4534162282943726, -1.4750994443893433, -29.898618417788455) 13 20
9 fsimplus(1.6167263984680176, -0.15693305432796478, -0.8310115933418274, 0.9915308356285095, 40.9146186214048) 16 23
9 fsimplus(1.6095796823501587, -0.13978342711925507, -1.2597733736038208, -0.40658050775527954, -49.29694538302717) 21 27
9 fsimplus(1.5381345748901367, -0.14592130482196808, -0.0989154726266861, -1.0227842330932617, -230.5569276002925) 22 28
9 fsimplus(1.5994360446929932, -0.1361493021249771, 1.2483417987823486, -2.0495402812957764, -65.87572893582416) 25 32
9 fsimplus(1.5448917150497437, -0.1323370337486267, -0.8607275485992432, -2.234393835067749, 107.21149939190842) 26 33
9 fsimplus(1.5413964986801147, -0.11502473056316376, 1.1784230470657349, 2.2765347957611084, 78.34759486623875) 34 40
9 fsimplus(1.6120455265045166, -0.13017092645168304, -0.7868511080741882, 1.891609787940979, -214.55544145603136) 35 41
9 fsimplus(1.5358302593231201, -0.1438470333814621, -0.4022025465965271, -1.6827073097229004, 157.09492310510805) 36 43
9 fsimplus(1.6129465103149414, -0.15393845736980438, 0.488312304019928, -0.7346457839012146, 200.14212762619195) 37 44
9 fsimplus(1.6236952543258667, -0.1468815952539444, -1.5521750450134277, -2.015568733215332, -141.22830607502488) 38 45
9 fsimplus(1.6191695928573608, -0.1272864192724228, -0.39417481422424316, 1.1543866395950317, 155.1817995622165) 39 46
9 fsimplus(1.5916013717651367, -0.1265886425971985, 0.7200601696968079, 1.1882858276367188, 75.13595621132146) 47 53
9 fsimplus(1.5241869688034058, -0.20875729620456696, 0.2938883602619171, 0.6789677143096924, -192.24863135484293) 48 55
9 fsimplus(1.5359559059143066, -0.1340981274843216, -0.28427284955978394, -1.7961530685424805, 35.59761223950417) 49 56
9 fsimplus(1.5397664308547974, -0.13798993825912476, 0.9442697167396545, 2.271878480911255, -96.90951267857203) 50 57
9 fsimplus(1.6030642986297607, -0.1470065861940384, 1.1379460096359253, -1.6871254444122314, -64.1689962156216) 51 58
9 fsimplus(1.6085096597671509, -0.14888769388198853, -0.10912202298641205, 1.500234842300415, 148.93935345368166) 52 59
10 hz_1_2 1
10 x_1_2 2
10 x_1_2 3
10 y_1_2 4
10 hz_1_2 7
10 y_1_2 8
10 y_1_2 9
10 x_1_2 10
10 y_1_2 11
10 x_1_2 12
10 hz_1_2 13
10 x_1_2 14
10 x_1_2 15
10 hz_1_2 16
10 y_1_2 17
10 hz_1_2 19
10 x_1_2 20
10 y_1_2 21
10 hz_1_2 22
10 y_1_2 23
10 x_1_2 25
10 y_1_2 26
10 y_1_2 27
10 y_1_2 28
10 hz_1_2 29
10 hz_1_2 31
10 hz_1_2 32
10 hz_1_2 33
10 hz_1_2 34
10 x_1_2 35
10 hz_1_2 36
10 y_1_2 37
10 y_1_2 38
10 x_1_2 39
10 x_1_2 40
10 hz_1_2 41
10 y_1_2 43
10 hz_1_2 44
10 x_1_2 45
10 y_1_2 46
10 y_1_2 47
10 y_1_2 48
10 hz_1_2 49
10 x_1_2 50
10 hz_1_2 51
10 x_1_2 52
10 x_1_2 53
10 y_1_2 55
10 y_1_2 56
10 x_1_2 57
10 y_1_2 58
10 hz_1_2 59
10 y_1_2 61
10 hz_1_2 62
10 hz_1_2 63
10 x_1_2 64
11 fsimplus(1.508231520652771, -0.14411550760269165, -0.8398980498313904, 1.2348335981369019, 40.37370736449341) 1 8
11 fsimplus(1.536507487297058, -0.14455725252628326, 0.19119000434875488, -1.6278109550476074, -249.60114552025433) 2 9
11 fsimplus(1.553171157836914, -0.15091893076896667, 0.6291438341140747, -0.8855160474777222, -55.31562925542073) 7 13
11 fsimplus(1.5447182655334473, -0.14592647552490234, 1.460141658782959, -0.13674509525299072, -213.5356150914313) 10 16
11 fsimplus(1.5283665657043457, -0.11888892948627472, -0.7553731799125671, -0.8286629319190979, 166.57040089899743) 11 17
11 fsimplus(1.51483154296875, -0.1400664746761322, 0.23159462213516235, 2.1888720989227295, -181.65926671886606) 14 21
11 fsimplus(1.532601237297058, -0.13746438920497894, 0.7502246499061584, 0.5731300711631775, -94.21496801716286) 15 22
11 fsimplus(1.5090237855911255, -0.1623980849981308, -1.510617971420288, 1.8405476808547974, -36.199482925499) 19 25
11 fsimplus(1.5275741815567017, -0.125349223613739, 0.6603471040725708, 0.4353642761707306, -383.4895140879311) 20 26
11 fsimplus(1.5331789255142212, -0.14154872298240662, 1.3883168697357178, 0.6221066117286682, 222.1408061812142) 23 29
11 fsimplus(1.534623384475708, -0.12846553325653076, -0.7768941521644592, 1.641015648841858, -276.32176829495853) 27 34
11 fsimplus(1.6025071144104004, -0.14094053208827972, -0.09164398163557053, 1.941541075706482, 181.7830885115344) 28 35
11 fsimplus(1.6001439094543457, -0.15485748648643494, -0.1333259642124176, -0.19928979873657227, -220.8513286048882) 31 37
11 fsimplus(1.5230696201324463, -0.13302358984947205, -0.2830870449542999, -2.398369312286377, 122.78465671595953) 32 38
11 fsimplus(1.597196102142334, -0.14054419100284576, -1.0669587850570679, -0.07799580693244934, -224.796992551354) 33 39
11 fsimplus(1.5530760288238525, -0.11834309995174408, -0.9747694134712219, -3.494321584701538, -280.47247213517994) 40 47
11 fsimplus(1.5406194925308228, -0.13480401039123535, -0.5722049474716187, -0.3444143533706665, -221.06712360405106) 43 49
11 fsimplus(1.5847784280776978, -0.16219915449619293, 0.6903707385063171, -1.7470723390579224, -91.82451146664658) 44 50
11 fsimplus(1.5336220264434814, -0.14085620641708374, -0.5170878767967224, -1.5452650785446167, 122.25749241869084) 45 51
11 fsimplus(1.6115257740020752, -0.11984996497631073, -0.9303760528564453, -0.40642449259757996, -128.27367695433213) 46 52
11 fsimplus(1.5518465042114258, -0.13150422275066376, -0.7843353748321533, -2.552105188369751, 348.8019075665992) 55 61
11 fsimplus(1.5914655923843384, -0.11815202236175537, 0.0834135040640831, -1.0118848085403442, 113.81300623744102) 56 62
11 fsimplus(1.608649492263794, -0.11975647509098053, 0.0055139572359621525, 1.766855001449585, 108.57208306633238) 57 63
11 fsimplus(1.5386476516723633, -0.12157969921827316, -0.8024630546569824, -1.6492602825164795, 128.55709428896935) 58 64
12 x_1_2 1
12 y_1_2 2
12 y_1_2 3
12 x_1_2 4
12 y_1_2 7
12 x_1_2 8
12 hz_1_2 9
12 y_1_2 10
12 hz_1_2 11
12 y_1_2 12
12 x_1_2 13
12 y_1_2 14
12 y_1_2 15
12 y_1_2 16
12 hz_1_2 17
12 y_1_2 19
12 y_1_2 20
12 x_1_2 21
12 y_1_2 22
12 x_1_2 23
12 hz_1_2 25
12 hz_1_2 26
12 hz_1_2 27
12 x_1_2 28
12 y_1_2 29
12 x_1_2 31
12 y_1_2 32
12 y_1_2 33
12 x_1_2 34
12 hz_1_2 35
12 y_1_2 36
12 hz_1_2 37
12 x_1_2 38
12 hz_1_2 39
12 y_1_2 40
12 x_1_2 41
12 hz_1_2 43
12 y_1_2 44
12 hz_1_2 45
12 hz_1_2 46
12 hz_1_2 47
12 hz_1_2 48
12 y_1_2 49
12 y_1_2 50
12 x_1_2 51
12 y_1_2 52
12 hz_1_2 53
12 hz_1_2 55
12 hz_1_2 56
12 y_1_2 57
12 hz_1_2 58
12 x_1_2 59
12 x_1_2 61
12 x_1_2 62
12 x_1_2 63
12 hz_1_2 64
13 fsimplus(1.600311040878296, -0.12419997155666351, -1.4836472272872925, -0.09175607562065125, -85.42134739015611) 3 10
13 fsimplus(1.6215472221374512, -0.1396775096654892, 1.4284284114837646, 1.3345654010772705, -399.26386884013556) 4 11
13 fsimplus(1.6060925722122192, -0.12337405979633331, -1.401180624961853, 0.75766521692276, 228.8184586859991) 8 14
13 fsimplus(1.5806424617767334, -0.15211080014705658, 0.8753284811973572, -2.5258655548095703, 190.6880743228287) 9 15
13 fsimplus(1.5282790660858154, -0.14381331205368042, -0.3881719708442688, -3.0333142280578613, 74.24781142310685) 12 19
13 fsimplus(1.5015573501586914, -0.14111976325511932, 1.4534162282943726, -1.4750994443893433, -42.79198972084099) 13 20
13 fsimplus(1.6167263984680176, -0.15693305432796478, -0.8310115933418274, 0.9915308356285095, 59.12090826411435) 16 23
13 fsimplus(1.6095796823501587, -0.13978342711925507, -1.2597733736038208, -0.40658050775527954, -72.71383375355111) 21 27
13 fsimplus(1.5381345748901367, -0.14592130482196808, -0.0989154726266861, -1.0227842330932617, -333.66172327431167) 22 28
13 fsimplus(1.5994360446929932, -0.1361493021249771, 1.2483417987823486, -2.0495402812957764, -94.52705393656309) 25 32
13 fsimplus(1.5448917150497437, -0.1323370337486267, -0.8607275485992432, -2.234393835067749, 155.20269797874616) 26 33
13 fsimplus(1.5413964986801147, -0.11502473056316376, 1.1784230470657349, 2.2765347957611084, 114.72166677085686) 34 40
13 fsimplus(1.6120455265045166, -0.13017092645168304, -0.7868511080741882, 1.891609787940979, -310.75127954043234) 35 41
13 fsimplus(1.5358302593231201, -0.1438470333814621, -0.4022025465965271, -1.6827073097229004, 227.88652523269383) 36 43
13 fsimplus(1.6129465103149414, -0.15393845736980438, 0.488312304019928, -0.7346457839012146, 289.6772890429011) 37 44
13 fsimplus(1.6236952543258667, -0.1468815952539444, -1.5521750450134277, -2.015568733215332, -204.2483852830502) 38 45
13 fsimplus(1.6191695928573608, -0.1272864192724228, -0.39417481422424316, 1.1543866395950317, 224.76023582609096) 39 46
13 fsimplus(1.5916013717651367, -0.1265886425971985, 0.7200601696968079, 1.1882858276367188, 109.08149596675695) 47 53
13 fsimplus(1.5241869688034058, -0.20875729620456696, 0.2938883602619171, 0.6789677143096924, -278.0793827384966) 48 55
13 fsimplus(1.5359559059143066, -0.1340981274843216, -0.28427284955978394, -1.7961530685424805, 50.84030050837729) 49 56
13 fsimplus(1.5397664308547974, -0.13798993825912476, 0.9442697167396545, 2.271878480911255, -141.51132828100233) 50 57
13 fsimplus(1.6030642986297607, -0.1470065861940384, 1.1379460096359253, -1.6871254444122314, -93.80831058662602) 51 58
13 fsimplus(1.6085096597671509, -0.14888769388198853, -0.10912202298641205, 1.500234842300415, 217.0196692359175) 52 59
14 y_1_2 1
14 x_1_2 2
14 hz_1_2 3
14 hz_1_2 4
14 hz_1_2 7
14 hz_1_2 8
14 y_1_2 9
14 hz_1_2 10
14 y_1_2 11
14 hz_1_2 12
14 y_1_2 13
14 x_1_2 14
14 x_1_2 15
14 x_1_2 16
14 y_1_2 17
14 x_1_2 19
14 hz_1_2 20
14 hz_1_2 21
14 x_1_2 22
14 hz_1_2 23
14 y_1_2 25
14 x_1_2 26
14 y_1_2 27
14 hz_1_2 28
14 hz_1_2 29
14 hz_1_2 31
14 hz_1_2 32
14 x_1_2 33
14 hz_1_2 34
14 y_1_2 35
14 hz_1_2 36
14 y_1_2 37
14 y_1_2 38
14 x_1_2 39
14 hz_1_2 40
14 y_1_2 41
14 x_1_2 43
14 hz_1_2 44
14 y_1_2 45
14 x_1_2 46
14 x_1_2 47
14 y_1_2 48
14 x_1_2 49
14 hz_1_2 50
14 y_1_2 51
14 x_1_2 52
14 y_1_2 53
14 y_1_2 55
14 x_1_2 56
14 x_1_2 57
14 y_1_2 58
14 y_1_2 59
14 y_1_2 61
14 hz_1_2 62
14 y_1_2 63
14 y_1_2 64
15 fsimplus(1.508231520652771, -0.14411550760269165, -0.8398980498313904, 1.2348335981369019, 54.46924242245695) 1 8
15 fsimplus(1.536507487297058, -0.14455725252628326, 0.19119000434875488, -1.6278109550476074, -342.29317868872494) 2 9
15 fsimplus(1.553171157836914, -0.15091893076896667, 0.6291438341140747, -0.8855160474777222, -76.80384795325493) 7 13
15 fsimplus(1.5447182655334473, -0.14592647552490234, 1.460141658782959, -0.13674509525299072, -293.04308781060183) 10 16
15 fsimplus(1.5283665657043457, -0.11888892948627472, -0.7553731799125671, -0.8286629319190979, 228.1106964733846) 11 17
15 fsimplus(1.51483154296875, -0.1400664746761322, 0.23159462213516235, 2.1888720989227295, -248.63387056667338) 14 21
15 fsimplus(1.532601237297058, -0.13746438920497894, 0.7502246499061584, 0.5731300711631775, -127.92029506379214) 15 22
15 fsimplus(1.5090237855911255, -0.1623980849981308, -1.510617971420288, 1.8405476808547974, -50.52496205738846) 19 25
15 fsimplus(1.5275741815567017, -0.125349223613739, 0.6603471040725708, 0.4353642761707306, -525.3136645258288) 20 26
15 fsimplus(1.5331789255142212, -0.14154872298240662, 1.3883168697357178, 0.6221066117286682, 304.04380472316655) 23 29
15 fsimplus(1.534623384475708, -0.12846553325653076, -0.7768941521644592, 1.641015648841858, -377.2213746284408) 27 34
15 fsimplus(1.6025071144104004, -0.14094053208827972, -0.09164398163557053, 1.941541075706482, 248.03118644156297) 28 35
15 fsimplus(1.6001439094543457, -0.15485748648643494, -0.1333259642124176, -0.19928979873657227, -302.50751317275416) 31 37
15 fsimplus(1.5230696201324463, -0.13302358984947205, -0.2830870449542999, -2.398369312286377, 168.3817964278555) 32 38
15 fsimplus(1.597196102142334, -0.14054419100284576, -1.0669587850570679, -0.07799580693244934, -307.268433381321) 33 39
15 fsimplus(1.5530760288238525, -0.11834309995174408, -0.9747694134712219, -3.494321584701538, -383.9568405628089) 40 47
15 fsimplus(1.5406194925308228, -0.13480401039123535, -0.5722049474716187, -0.3444143533706665, -303.19859927208927) 43 49
15 fsimplus(1.5847784280776978, -0.16219915449619293, 0.6903707385063171, -1.7470723390579224, -124.60199400445192) 44 50
15 fsimplus(1.5336220264434814, -0.14085620641708374, -0.5170878767967224, -1.5452650785446167, 166.09942903998157) 45 51
15 fsimplus(1.6115257740020752, -0.11984996497631073, -0.9303760528564453, -0.40642449259757996, -176.26487554116983) 46 52
15 fsimplus(1.5518465042114258, -0.13150422275066376, -0.7843353748321533, -2.552105188369751, 477.9795006755308) 55 61
15 fsimplus(1.5914655923843384, -0.11815202236175537, 0.0834135040640831, -1.0118848085403442, 155.38337412843313) 56 62
15 fsimplus(1.608649492263794, -0.11975647509098053, 0.0055139572359621525, 1.766855001449585, 147.97246836494855) 57 63
15 fsimplus(1.5386476516723633, -0.12157969921827316, -0.8024630546569824, -1.6492602825164795, 174.7542156674408) 58 64
16 x_1_2 1
16 y_1_2 2
16 x_1_2 3
16 x_1_2 4
16 y_1_2 7
16 x_1_2 8
16 x_1_2 9
16 x_1_2 10
16 hz_1_2 11
16 y_1_2 12
16 hz_1_2 13
16 hz_1_2 14
16 hz_1_2 15
16 y_1_2 16
16 x_1_2 17
16 y_1_2 19
16 y_1_2 20
16 y_1_2 21
16 hz_1_2 22
16 x_1_2 23
16 x_1_2 25
16 hz_1_2 26
16 x_1_2 27
16 y_1_2 28
16 x_1_2 29
16 x_1_2 31
16 y_1_2 32
16 y_1_2 33
16 x_1_2 34
16 x_1_2 35
16 y_1_2 36
16 hz_1_2 37
16 x_1_2 38
16 y_1_2 39
16 y_1_2 40
16 hz_1_2 41
16 hz_1_2 43
16 y_1_2 44
16 hz_1_2 45
16 hz_1_2 46
16 hz_1_2 47
16 x_1_2 48
16 hz_1_2 49
16 x_1_2 50
16 x_1_2 51
16 hz_1_2 52
16 hz_1_2 53
16 x_1_2 55
16 y_1_2 56
16 y_1_2 57
16 hz_1_2 58
16 hz_1_2 59
16 x_1_2 61
16 x_1_2 62
16 x_1_2 63
16 x_1_2 64
17 fsimplus(1.5979554653167725, -0.10773517191410065, 1.4501397609710693, 3.719292402267456, -272.22157614012383) 3 9
17 fsimplus(1.6206047534942627, -0.1272132694721222, -0.9637511372566223, -0.9392303228378296, -313.1875174663644) 4 10
17 fsimplus(1.5413240194320679, -0.1283116191625595, 0.8466215133666992, 0.6190890073776245, -280.80199325224436) 7 12
17 fsimplus(1.6063297986984253, -0.11263466626405716, 0.40882909297943115, 0.8336535692214966, 221.47999168680545) 8 13
17 fsimplus(1.5983155965805054, -0.158058762550354, -0.4594337046146393, 0.4942000210285187, -133.92855890150875) 14 20
17 fsimplus(1.59918212890625, -0.12558265030384064, -0.4692456126213074, -1.0348939895629883, -189.64990372969814) 15 21
17 fsimplus(1.5381124019622803, -0.129357248544693, -0.18845537304878235, -1.3278207778930664, 285.9807799258331) 16 22
17 fsimplus(1.5323961973190308, -0.14528799057006836, 1.5222502946853638, -0.08053646981716156, -228.6272226725581) 23 28
17 fsimplus(1.6076531410217285, -0.14802110195159912, -0.053584180772304535, -1.5703483819961548, -167.84433102282006) 25 31
17 fsimplus(1.5436575412750244, -0.15254975855350494, 0.6418281197547913, -0.5436755418777466, 369.5511853997595) 26 32
17 fsimplus(1.598997950553894, -0.13433457911014557, 1.3404016494750977, 0.9307005405426025, -147.4785783634658) 27 33
17 fsimplus(1.5955685377120972, -0.13304831087589264, -0.44950228929519653, -2.0927577018737793, -72.06981304819539) 34 39
17 fsimplus(1.5310243368148804, -0.15074193477630615, 0.36913245916366577, 0.9948738217353821, -264.1333836780739) 35 40
17 fsimplus(1.5274745225906372, -0.1400471180677414, 1.2695279121398926, 0.0011498271487653255, 463.1106687814123) 37 43
17 fsimplus(1.531766653060913, -0.15104913711547852, 1.444717288017273, -0.46212872862815857, -210.38544035400824) 38 44
17 fsimplus(1.5244033336639404, -0.12593550980091095, -0.7218642830848694, 2.821868658065796, -80.7096573709904) 45 50
17 fsimplus(1.605748176574707, -0.1509491205215454, -1.514675259590149, -0.2703818082809448, 334.82204561718294) 46 51
17 fsimplus(1.531211256980896, -0.12840406596660614, -0.6747065782546997, -1.5842417478561401, 305.93285762570105) 47 52
17 fsimplus(1.5358898639678955, -0.13996633887290955, 0.7505143284797668, 0.7865577936172485, -138.8075647159925) 49 55
17 fsimplus(1.6150641441345215, -0.1307845413684845, 0.2545004189014435, 2.9044272899627686, 344.37791780019774) 56 61
17 fsimplus(1.5325641632080078, -0.12452762573957443, -0.5045234560966492, -1.5445146560668945, 299.80518960843756) 57 62
17 fsimplus(1.5275187492370605, -0.1414560079574585, 0.0701705813407898, 1.5085934400558472, -161.0141951677622) 58 63
17 fsimplus(1.6067646741867065, -0.12805402278900146, -1.052878737449646, 0.5938245058059692, 319.6085972924213) 59 64
18 y_1_2 1
18 hz_1_2 2
18 hz_1_2 3
18 hz_1_2 4
18 hz_1_2 7
18 hz_1_2 8
18 y_1_2 9
18 hz_1_2 10
18 x_1_2 11
18 hz_1_2 12
18 x_1_2 13
18 x_1_2 14
18 x_1_2 15
18 hz_1_2 16
18 hz_1_2 17
18 hz_1_2 19
18 hz_1_2 20
18 hz_1_2 21
18 y_1_2 22
18 y_1_2 23
18 hz_1_2 25
18 y_1_2 26
18 hz_1_2 27
18 hz_1_2 28
18 hz_1_2 29
18 y_1_2 31
18 x_1_2 32
18 x_1_2 33
18 y_1_2 34
18 hz_1_2 35
18 x_1_2 36
18 y_1_2 37
18 hz_1_2 38
18 hz_1_2 39
18 hz_1_2 40
18 x_1_2 41
18 y_1_2 43
18 hz_1_2 44
18 y_1_2 45
18 x_1_2 46
18 y_1_2 47
18 hz_1_2 48
18 y_1_2 49
18 hz_1_2 50
18 y_1_2 51
18 y_1_2 52
18 x_1_2 53
18 hz_1_2 55
18 hz_1_2 56
18 x_1_2 57
18 x_1_2 58
18 x_1_2 59
18 y_1_2 61
18 y_1_2 62
18 hz_1_2 63
18 y_1_2 64
19 fsimplus(1.5446350574493408, -0.13468104600906372, -0.6687090992927551, -0.795185387134552, 414.8807934162296) 1 7
19 fsimplus(1.5307981967926025, -0.13552452623844147, 1.5385503768920898, -0.1771245002746582, -385.9751614633097) 2 8
19 fsimplus(1.617964506149292, -0.12122070789337158, 0.6821352243423462, -0.6313515901565552, 387.66654776602456) 9 14
19 fsimplus(1.632840633392334, -0.1428118646144867, 0.6131274700164795, 0.17972370982170105, 100.75553275995604) 10 15
19 fsimplus(1.5432918071746826, -0.11193565279245377, 0.8540021777153015, -0.0955786183476448, -142.9919068230461) 11 16
19 fsimplus(1.5604987144470215, -0.1448139250278473, -0.7449406385421753, 0.565971314907074, -108.62260787189176) 13 19
19 fsimplus(1.5242356061935425, -0.14853712916374207, -0.8374187350273132, 2.2156941890716553, -344.16349359257117) 17 23
19 fsimplus(1.5479425191879272, -0.09543639421463013, 0.38279932737350464, -0.35853591561317444, -120.64270416988383) 20 25
19 fsimplus(1.6059616804122925, -0.1287727802991867, -1.3430296182632446, -0.7409613132476807, -504.9240091574709) 21 26
19 fsimplus(1.5293766260147095, -0.14510102570056915, 0.6160158514976501, 0.7413054704666138, -161.68994686302145) 22 27
19 fsimplus(1.5485318899154663, -0.134323388338089, 0.973257303237915, 0.460052490234375, -153.3467527321472) 28 34
19 fsimplus(1.6048939228057861, -0.13388706743717194, -0.29760903120040894, -1.6896480321884155, -329.69756897700677) 29 35
19 fsimplus(1.5176513195037842, -0.13378562033176422, -0.5584571361541748, 1.9715285301208496, -203.7840446014686) 31 36
19 fsimplus(1.5248841047286987, -0.11243146657943726, 1.43203866481781, 1.06298828125, -438.5728588093639) 32 37
19 fsimplus(1.6163146495819092, -0.1473688781261444, 1.085403323173523, 2.295940637588501, 407.3299239139966) 33 38
19 fsimplus(1.6081222295761108, -0.11798654496669769, -1.2561837434768677, 1.0439376831054688, 497.6494846859047) 39 45
19 fsimplus(1.5173612833023071, -0.13742820918560028, -0.46315112709999084, -2.284120559692383, 78.10425062837325) 40 46
19 fsimplus(1.6117135286331177, -0.12957586348056793, 0.2832072675228119, 1.8054405450820923, -327.78979044239264) 41 47
19 fsimplus(1.5955312252044678, -0.1527898609638214, 0.8986088633537292, 0.08721911907196045, -140.49900956082197) 43 48
19 fsimplus(1.5399425029754639, -0.155563086271286, 0.28087669610977173, 0.691842257976532, -293.5335145509873) 44 49
19 fsimplus(1.630867600440979, -0.1396857649087906, -0.01795892044901848, 1.9695262908935547, -69.39837721284592) 50 56
19 fsimplus(1.6132863759994507, -0.13656151294708252, -1.5900704860687256, 0.08506719768047333, -506.02021584488097) 51 57
19 fsimplus(1.5439438819885254, -0.13192331790924072, -0.459609717130661, -1.8153867721557617, 462.0209796268004) 52 58
19 fsimplus(1.6094332933425903, -0.12019175291061401, 0.2479204535484314, 0.6788816452026367, 501.65077654389944) 53 59
20 hz_1_2 1
20 y_1_2 2
20 y_1_2 3
20 x_1_2 4
20 x_1_2 7
20 y_1_2 8
20 x_1_2 9
20 y_1_2 10
20 hz_1_2 11
20 y_1_2 12
20 hz_1_2 13
20 hz_1_2 14
20 y_1_2 15
20 y_1_2 16
20 x_1_2 17
20 x_1_2 19
20 y_1_2 20
20 x_1_2 21
20 hz_1_2 22
20 x_1_2 23
20 x_1_2 25
20 x_1_2 26
20 x_1_2 27
20 x_1_2 28
20 y_1_2 29
20 x_1_2 31
20 hz_1_2 32
20 hz_1_2 33
20 hz_1_2 34
20 x_1_2 35
20 y_1_2 36
20 hz_1_2 37
20 x_1_2 38
20 x_1_2 39
20 x_1_2 40
20 y_1_2 41
20 x_1_2 43
20 y_1_2 44
20 x_1_2 45
20 y_1_2 46
20 hz_1_2 47
20 x_1_2 48
20 hz_1_2 49
20 y_1_2 50
20 x_1_2 51
20 x_1_2 52
20 y_1_2 53
20 y_1_2 55
20 y_1_2 56
20 y_1_2 57
20 y_1_2 58
20 y_1_2 59
20 x_1_2 61
20 hz_1_2 62
20 x_1_2 63
20 x_1_2 64
21 fsimplus(1.5979554653167725, -0.10773517191410065, 1.4501397609710693, 3.719292402267456, -337.1149477398773) 3 9
21 fsimplus(1.6206047534942627, -0.1272132694721222, -0.9637511372566223, -0.9392303228378296, -387.28855392107533) 4 10
21 fsimplus(1.5413240194320679, -0.1283116191625595, 0.8466215133666992, 0.6190890073776245, -348.0571508744588) 7 12
21 fsimplus(1.6063297986984253, -0.11263466626405716, 0.40882909297943115, 0.8336535692214966, 273.76898070799393) 8 13
21 fsimplus(1.5983155965805054, -0.158058762550354, -0.4594337046146393, 0.4942000210285187, -165.4451997708015) 14 20
21 fsimplus(1.59918212890625, -0.12558265030384064, -0.4692456126213074, -1.0348939895629883, -234.4196848598127) 15 21
21 fsimplus(1.5381124019622803, -0.129357248544693, -0.18845537304878235, -1.3278207778930664, 353.27151103316845) 16 22
21 fsimplus(1.5323961973190308, -0.14528799057006836, 1.5222502946853638, -0.08053646981716156, -282.64757688195124) 23 28
21 fsimplus(1.6076531410217285, -0.14802110195159912, -0.053584180772304535, -1.5703483819961548, -207.95618602385449) 25 31
21 fsimplus(1.5436575412750244, -0.15254975855350494, 0.6418281197547913, -0.5436755418777466, 457.6542389876315) 26 32
21 fsimplus(1.598997950553894, -0.13433457911014557, 1.3404016494750977, 0.9307005405426025, -182.43667886548735) 27 33
21 fsimplus(1.5955685377120972, -0.13304831087589264, -0.44950228929519653, -2.0927577018737793, -88.59974804670166) 34 39
21 fsimplus(1.5310243368148804, -0.15074193477630615, 0.36913245916366577, 0.9948738217353821, -326.2835628169567) 35 40
21 fsimplus(1.5274745225906372, -0.1400471180677414, 1.2695279121398926, 0.0011498271487653255, 572.2600230303071) 37 43
21 fsimplus(1.531766653060913, -0.15104913711547852, 1.444717288017273, -0.46212872862815857, -259.56413321735647) 38 44
21 fsimplus(1.5244033336639404, -0.12593550980091095, -0.7218642830848694, 2.821868658065796, -99.64575356411873) 45 50
21 fsimplus(1.605748176574707, -0.1509491205215454, -1.514675259590149, -0.2703818082809448, 414.24590230947126) 46 51
21 fsimplus(1.531211256980896, -0.12840406596660614, -0.6747065782546997, -1.5842417478561401, 378.10045682724217) 47 52
21 fsimplus(1.5358898639678955, -0.13996633887290955, 0.7505143284797668, 0.7865577936172485, -171.8025222710834) 49 55
21 fsimplus(1.6150641441345215, -0.1307845413684845, 0.2545004189014435, 2.9044272899627686, 425.31786508516507) 56 61
21 fsimplus(1.5325641632080078, -0.12452762573957443, -0.5045234560966492, -1.5445146560668945, 371.480261072686) 57 62
21 fsimplus(1.5275187492370605, -0.1414560079574585, 0.0701705813407898, 1.5085934400558472, -199.35434391499095) 58 63
21 fsimplus(1.6067646741867065, -0.12805402278900146, -1.052878737449646, 0.5938245058059692, 395.5011437967785) 59 64
22 y_1_2 1
22 hz_1_2 2
22 hz_1_2 3
22 y_1_2 4
22 hz_1_2 7
22 x_1_2 8
22 y_1_2 9
22 hz_1_2 10
22 x_1_2 11
22 x_1_2 12
22 y_1_2 13
22 y_1_2 14
22 x_1_2 15
22 hz_1_2 16
22 y_1_2 17
22 y_1_2 19
22 x_1_2 20
22 hz_1_2 21
22 y_1_2 22
22 y_1_2 23
22 hz_1_2 25
22 y_1_2 26
22 y_1_2 27
22 y_1_2 28
22 x_1_2 29
22 hz_1_2 31
22 y_1_2 32
22 y_1_2 33
22 y_1_2 34
22 hz_1_2 35
22 x_1_2 36
22 y_1_2 37
22 y_1_2 38
22 hz_1_2 39
22 hz_1_2 40
22 x_1_2 41
22 hz_1_2 43
22 x_1_2 44
22 hz_1_2 45
22 x_1_2 46
22 x_1_2 47
22 hz_1_2 48
22 y_1_2 49
22 x_1_2 50
22 y_1_2 51
22 y_1_2 52
22 hz_1_2 53
22 x_1_2 55
22 hz_1_2 56
22 x_1_2 57
22 hz_1_2 58
22 x_1_2 59
22 y_1_2 61
22 y_1_2 62
22 hz_1_2 63
22 y_1_2 64
23 fsimplus(1.5446350574493408, -0.13468104600906372, -0.6687090992927551, -0.795185387134552, 502.7535361932157) 1 7
23 fsimplus(1.5307981967926025, -0.13552452623844147, 1.5385503768920898, -0.1771245002746582, -467.2066646314845) 2 8
23 fsimplus(1.617964506149292, -0.12122070789337158, 0.6821352243423462, -0.6313515901565552, 470.03933635374887) 9 14
23 fsimplus(1.632840633392334, -0.1428118646144867, 0.6131274700164795, 0.17972370982170105, 122.24411819475019) 10 15
23 fsimplus(1.5432918071746826, -0.11193565279245377, 0.8540021777153015, -0.0955786183476448, -173.0757063895819) 11 16
23 fsimplus(1.5604987144470215, -0.1448139250278473, -0.7449406385421753, 0.565971314907074, -132.26027189234134) 13 19
23 fsimplus(1.5242356061935425, -0.14853712916374207, -0.8374187350273132, 2.2156941890716553, -417.5812990907845) 17 23
23 fsimplus(1.5479425191879272, -0.09543639421463013, 0.38279932737350464, -0.35853591561317444, -145.71247601917034) 20 25
23 fsimplus(1.6059616804122925, -0.1287727802991867, -1.3430296182632446, -0.7409613132476807, -611.2901966168539) 21 26
23 fsimplus(1.5293766260147095, -0.14510102570056915, 0.6160158514976501, 0.7413054704666138, -196.17128931703067) 22 27
23 fsimplus(1.5485318899154663, -0.134323388338089, 0.973257303237915, 0.460052490234375, -185.62290584561953) 28 34
23 fsimplus(1.6048939228057861, -0.13388706743717194, -0.29760903120040894, -1.6896480321884155, -399.3728237983236) 29 35
23 fsimplus(1.5176513195037842, -0.13378562033176422, -0.5584571361541748, 1.9715285301208496, -247.0824770480252) 31 36
23 fsimplus(1.5248841047286987, -0.11243146657943726, 1.43203866481781, 1.06298828125, -531.6895733775252) 32 37
23 fsimplus(1.6163146495819092, -0.1473688781261444, 1.085403323173523, 2.295940637588501, 493.03891862692694) 33 38
23 fsimplus(1.6081222295761108, -0.11798654496669769, -1.2561837434768677, 1.0439376831054688, 602.8098410207767) 39 45
23 fsimplus(1.5173612833023071, -0.13742820918560028, -0.46315112709999084, -2.284120559692383, 94.77867998912328) 40 46
23 fsimplus(1.6117135286331177, -0.12957586348056793, 0.2832072675228119, 1.8054405450820923, -397.2284999245034) 41 47
23 fsimplus(1.5955312252044678, -0.1527898609638214, 0.8986088633537292, 0.08721911907196045, -169.7946914002975) 43 48
23 fsimplus(1.5399425029754639, -0.155563086271286, 0.28087669610977173, 0.691842257976532, -356.0507973868396) 44 49
23 fsimplus(1.630867600440979, -0.1396857649087906, -0.01795892044901848, 1.9695262908935547, -83.89548924201976) 50 56
23 fsimplus(1.6132863759994507, -0.13656151294708252, -1.5900704860687256, 0.08506719768047333, -613.4000642617302) 51 57
23 fsimplus(1.5439438819885254, -0.13192331790924072, -0.459609717130661, -1.8153867721557617, 559.7967205349219) 52 58
23 fsimplus(1.6094332933425903, -0.12019175291061401, 0.2479204535484314, 0.6788816452026367, 607.9531517722409) 53 59
24 x_1_2 1
24 y_1_2 2
24 x_1_2 3
24 hz_1_2 4
24 y_1_2 7
24 hz_1_2 8
24 hz_1_2 9
24 y_1_2 10
24 y_1_2 11
24 hz_1_2 12
24 hz_1_2 13
24 x_1_2 14
24 y_1_2 15
24 y_1_2 16
24 hz_1_2 17
24 hz_1_2 19
24 y_1_2 20
24 y_1_2 21
24 hz_1_2 22
24 hz_1_2 23
24 y_1_2 25
24 x_1_2 26
24 x_1_2 27
24 hz_1_2 28
24 y_1_2 29
24 x_1_2 31
24 x_1_2 32
24 x_1_2 33
24 hz_1_2 34
24 y_1_2 35
24 y_1_2 36
24 hz_1_2 37
24 x_1_2 38
24 y_1_2 39
24 y_1_2 40
24 y_1_2 41
24 x_1_2 43
24 y_1_2 44
24 x_1_2 45
24 y_1_2 46
24 hz_1_2 47
24 x_1_2 48
24 hz_1_2 49
24 hz_1_2 50
24 hz_1_2 51
24 x_1_2 52
24 x_1_2 53
24 hz_1_2 55
24 x_1_2 56
24 hz_1_2 57
24 x_1_2 58
24 y_1_2 59
24 x_1_2 61
24 hz_1_2 62
24 x_1_2 63
24 hz_1_2 64
25 fsimplus(1.600311040878296, -0.12419997155666351, -1.4836472272872925, -0.09175607562065125, -164.06332088370422) 3 10
25 fsimplus(1.6215472221374512, -0.1396775096654892, 1.4284284114837646, 1.3345654010772705, -769.8379976621724) 4 11
25 fsimplus(1.6060925722122192, -0.12337405979633331, -1.401180624961853, 0.75766521692276, 441.55523444828543) 8 14
25 fsimplus(1.5806424617767334, -0.15211080014705658, 0.8753284811973572, -2.5258655548095703, 371.19197193292376) 9 15
25 fsimplus(1.5282790660858154, -0.14381331205368042, -0.3881719708442688, -3.0333142280578613, 140.63563613489896) 12 19
25 fsimplus(1.5015573501586914, -0.14111976325511932, 1.4534162282943726, -1.4750994443893433, -81.47210362999851) 13 20
25 fsimplus(1.6167263984680176, -0.15693305432796478, -0.8310115933418274, 0.9915308356285095, 113.73977719224294) 16 23
25 fsimplus(1.6095796823501587, -0.13978342711925507, -1.2597733736038208, -0.40658050775527954, -142.9644988651228) 21 27
25 fsimplus(1.5381345748901367, -0.14592130482196808, -0.0989154726266861, -1.0227842330932617, -642.9761102963686) 22 28
25 fsimplus(1.5994360446929932, -0.1361493021249771, 1.2483417987823486, -2.0495402812957764, -180.4810289387798) 25 32
25 fsimplus(1.5448917150497437, -0.1323370337486267, -0.8607275485992432, -2.234393835067749, 299.1762937392591) 26 33
25 fsimplus(1.5413964986801147, -0.11502473056316376, 1.1784230470657349, 2.2765347957611084, 223.84388248471103) 34 40
25 fsimplus(1.6120455265045166, -0.13017092645168304, -0.7868511080741882, 1.891609787940979, -599.3387937936347) 35 41
25 fsimplus(1.5358302593231201, -0.1438470333814621, -0.4022025465965271, -1.6827073097229004, 440.26133161545084) 36 43
25 fsimplus(1.6129465103149414, -0.15393845736980438, 0.488312304019928, -0.7346457839012146, 558.2827732930283) 37 44
25 fsimplus(1.6236952543258667, -0.1468815952539444, -1.5521750450134277, -2.015568733215332, -393.30862290712594) 38 45
25 fsimplus(1.6191695928573608, -0.1272864192724228, -0.39417481422424316, 1.1543866395950317, 433.4955446177141) 39 46
25 fsimplus(1.5916013717651367, -0.1265886425971985, 0.7200601696968079, 1.1882858276367188, 210.91811523306325) 47 53
25 fsimplus(1.5241869688034058, -0.20875729620456696, 0.2938883602619171, 0.6789677143096924, -535.5716368894571) 48 55
25 fsimplus(1.5359559059143066, -0.1340981274843216, -0.28427284955978394, -1.7961530685424805, 96.56836531499658) 49 56
25 fsimplus(1.5397664308547974, -0.13798993825912476, 0.9442697167396545, 2.271878480911255, -275.31677508829307) 50 57
25 fsimplus(1.6030642986297607, -0.1470065861940384, 1.1379460096359253, -1.6871254444122314, -182.72625369963913) 51 58
25 fsimplus(1.6085096597671509, -0.14888769388198853, -0.10912202298641205, 1.500234842300415, 421.26061658262466) 52 59
26 hz_1_2 1
26 hz_1_2 2
26 y_1_2 3
26 y_1_2 4
26 x_1_2 7
26 x_1_2 8
26 y_1_2 9
26 hz_1_2 10
26 x_1_2 11
26 x_1_2 12
26 y_1_2 13
26 y_1_2 14
26 hz_1_2 15
26 x_1_2 16
26 y_1_2 17
26 x_1_2 19
26 x_1_2 20
26 hz_1_2 21
26 x_1_2 22
26 y_1_2 23
26 x_1_2 25
26 y_1_2 26
26 hz_1_2 27
26 y_1_2 28
26 hz_1_2 29
26 y_1_2 31
26 hz_1_2 32
26 y_1_2 33
26 x_1_2 34
26 x_1_2 35
26 x_1_2 36
26 x_1_2 37
26 y_1_2 38
26 hz_1_2 39
26 hz_1_2 40
26 x_1_2 41
26 y_1_2 43
26 hz_1_2 44
26 y_1_2 45
26 x_1_2 46
26 x_1_2 47
26 hz_1_2 48
26 x_1_2 49
26 x_1_2 50
26 y_1_2 51
26 hz_1_2 52
26 hz_1_2 53
26 y_1_2 55
26 y_1_2 56
26 x_1_2 57
26 y_1_2 58
26 x_1_2 59
26 hz_1_2 61
26 x_1_2 62
26 y_1_2 63
26 y_1_2 64
27 fsimplus(1.508231520652771, -0.14411550760269165, -0.8398980498313904, 1.2348335981369019, 96.75584759634748) 1 8
27 fsimplus(1.536507487297058, -0.14455725252628326, 0.19119000434875488, -1.6278109550476074, -620.3692781941362) 2 9
27 fsimplus(1.553171157836914, -0.15091893076896667, 0.6291438341140747, -0.8855160474777222, -141.2685040467574) 7 13
27 fsimplus(1.5447182655334473, -0.14592647552490234, 1.460141658782959, -0.13674509525299072, -531.5655059681131) 10 16
27 fsimplus(1.5283665657043457, -0.11888892948627472, -0.7553731799125671, -0.8286629319190979, 412.7315831965458) 11 17
27 fsimplus(1.51483154296875, -0.1400664746761322, 0.23159462213516235, 2.1888720989227295, -449.557682110095) 14 21
27 fsimplus(1.532601237297058, -0.13746438920497894, 0.7502246499061584, 0.5731300711631775, -229.03627620367985) 15 22
27 fsimplus(1.5090237855911255, -0.1623980849981308, -1.510617971420288, 1.8405476808547974, -93.50139945305678) 19 25
27 fsimplus(1.5275741815567017, -0.125349223613739, 0.6603471040725708, 0.4353642761707306, -950.7861158395214) 20 26
27 fsimplus(1.5331789255142212, -0.14154872298240662, 1.3883168697357178, 0.6221066117286682, 549.7528003490231) 23 29
27 fsimplus(1.534623384475708, -0.12846553325653076, -0.7768941521644592, 1.641015648841858, -679.9201936288871) 27 34
27 fsimplus(1.6025071144104004, -0.14094053208827972, -0.09164398163557053, 1.941541075706482, 446.7754802316484) 28 35
27 fsimplus(1.6001439094543457, -0.15485748648643494, -0.1333259642124176, -0.19928979873657227, -547.4760668763516) 31 37
27 fsimplus(1.5230696201324463, -0.13302358984947205, -0.2830870449542999, -2.398369312286377, 305.1732155635432) 32 38
27 fsimplus(1.597196102142334, -0.14054419100284576, -1.0669587850570679, -0.07799580693244934, -554.6827558712216) 33 39
27 fsimplus(1.5530760288238525, -0.11834309995174408, -0.9747694134712219, -3.494321584701538, -694.4099458456951) 40 47
27 fsimplus(1.5406194925308228, -0.13480401039123535, -0.5722049474716187, -0.3444143533706665, -549.5930262762035) 43 49
27 fsimplus(1.5847784280776978, -0.16219915449619293, 0.6903707385063171, -1.7470723390579224, -222.93444161786783) 44 50
27 fsimplus(1.5336220264434814, -0.14085620641708374, -0.5170878767967224, -1.5452650785446167, 297.62523890385353) 45 51
27 fsimplus(1.6115257740020752, -0.11984996497631073, -0.9303760528564453, -0.40642449259757996, -320.23847130168275) 46 52
27 fsimplus(1.5518465042114258, -0.13150422275066376, -0.7843353748321533, -2.552105188369751, 865.5122800023248) 55 61
27 fsimplus(1.5914655923843384, -0.11815202236175537, 0.0834135040640831, -1.0118848085403442, 280.0944778014093) 56 62
27 fsimplus(1.608649492263794, -0.11975647509098053, 0.0055139572359621525, 1.766855001449585, 266.1736242607968) 57 63
27 fsimplus(1.5386476516723633, -0.12157969921827316, -0.8024630546569824, -1.6492602825164795, 313.34557980285496) 58 64
28 x_1_2 1
28 x_1_2 2
28 hz_1_2 3
28 x_1_2 4
28 y_1_2 7
28 hz_1_2 8
28 hz_1_2 9
28 y_1_2 10
28 y_1_2 11
28 y_1_2 12
28 hz_1_2 13
28 hz_1_2 14
28 y_1_2 15
28 y_1_2 16
28 hz_1_2 17
28 y_1_2 19
28 y_1_2 20
28 y_1_2 21
28 y_1_2 22
28 hz_1_2 23
28 hz_1_2 25
28 hz_1_2 26
28 y_1_2 27
28 hz_1_2 28
28 x_1_2 29
28 hz_1_2 31
28 y_1_2 32
28 hz_1_2 33
28 hz_1_2 34
28 y_1_2 35
28 hz_1_2 36
28 hz_1_2 37
28 hz_1_2 38
28 x_1_2 39
28 y_1_2 40
28 hz_1_2 41
28 x_1_2 43
28 y_1_2 44
28 x_1_2 45
28 hz_1_2 46
28 y_1_2 47
28 x_1_2 48
28 hz_1_2 49
28 hz_1_2 50
28 x_1_2 51
28 x_1_2 52
28 x_1_2 53
28 hz_1_2 55
28 x_1_2 56
28 hz_1_2 57
28 hz_1_2 58
28 y_1_2 59
28 x_1_2 61
28 y_1_2 62
28 x_1_2 63
28 x_1_2 64
29 fsimplus(1.600311040878296, -0.12419997155666351, -1.4836472272872925, -0.09175607562065125, -190.27731204822027) 3 10
29 fsimplus(1.6215472221374512, -0.1396775096654892, 1.4284284114837646, 1.3345654010772705, -893.362707269518) 4 11
29 fsimplus(1.6060925722122192, -0.12337405979633331, -1.401180624961853, 0.75766521692276, 512.4674930357141) 8 14
29 fsimplus(1.5806424617767334, -0.15211080014705658, 0.8753284811973572, -2.5258655548095703, 431.35993780295547) 9 15
29 fsimplus(1.5282790660858154, -0.14381331205368042, -0.3881719708442688, -3.0333142280578613, 162.76491103882964) 12 19
29 fsimplus(1.5015573501586914, -0.14111976325511932, 1.4534162282943726, -1.4750994443893433, -94.36547493305102) 13 20
29 fsimplus(1.6167263984680176, -0.15693305432796478, -0.8310115933418274, 0.9915308356285095, 131.94606683495246) 16 23
29 fsimplus(1.6095796823501587, -0.13978342711925507, -1.2597733736038208, -0.40658050775527954, -166.3813872356467) 21 27
29 fsimplus(1.5381345748901367, -0.14592130482196808, -0.0989154726266861, -1.0227842330932617, -746.0809059703877) 22 28
29 fsimplus(1.5994360446929932, -0.1361493021249771, 1.2483417987823486, -2.0495402812957764, -209.13235393951868) 25 32
29 fsimplus(1.5448917150497437, -0.1323370337486267, -0.8607275485992432, -2.234393835067749, 347.16749232609675) 26 33
29 fsimplus(1.5413964986801147, -0.11502473056316376, 1.1784230470657349, 2.2765347957611084, 260.21795438932907) 34 40
29 fsimplus(1.6120455265045166, -0.13017092645168304, -0.7868511080741882, 1.891609787940979, -695.5346318780356) 35 41
29 fsimplus(1.5358302593231201, -0.1438470333814621, -0.4022025465965271, -1.6827073097229004, 511.0529337430365) 36 43
29 fsimplus(1.6129465103149414, -0.15393845736980438, 0.488312304019928, -0.7346457839012146, 647.8179347097372) 37 44
29 fsimplus(1.6236952543258667, -0.1468815952539444, -1.5521750450134277, -2.015568733215332, -456.32870211515115) 38 45
29 fsimplus(1.6191695928573608, -0.1272864192724228, -0.39417481422424316, 1.1543866395950317, 503.07398088158845) 39 46
29 fsimplus(1.5916013717651367, -0.1265886425971985, 0.7200601696968079, 1.1882858276367188, 244.86365498849867) 47 53
29 fsimplus(1.5241869688034058, -0.20875729620456696, 0.2938883602619171, 0.6789677143096924, -621.4023882731105) 48 55
29 fsimplus(1.5359559059143066, -0.1340981274843216, -0.28427284955978394, -1.7961530685424805, 111.81105358386968) 49 56
29 fsimplus(1.5397664308547974, -0.13798993825912476, 0.9442697167396545, 2.271878480911255, -319.9185906907233) 50 57
29 fsimplus(1.6030642986297607, -0.1470065861940384, 1.1379460096359253, -1.6871254444122314, -212.36556807064352) 51 58
29 fsimplus(1.6085096597671509, -0.14888769388198853, -0.10912202298641205, 1.500234842300415, 489.3409323648604) 52 59
30 hz_1_2 1
30 y_1_2 2
30 x_1_2 3
30 y_1_2 4
30 hz_1_2 7
30 y_1_2 8
30 y_1_2 9
30 x_1_2 10
30 hz_1_2 11
30 hz_1_2 12
30 x_1_2 13
30 y_1_2 14
30 hz_1_2 15
30 hz_1_2 16
30 x_1_2 17
30 hz_1_2 19
30 hz_1_2 20
30 x_1_2 21
30 hz_1_2 22
30 x_1_2 23
30 y_1_2 25
30 x_1_2 26
30 hz_1_2 27
30 x_1_2 28
30 y_1_2 29
30 x_1_2 31
30 x_1_2 32
30 x_1_2 33
30 x_1_2 34
30 x_1_2 35
30 x_1_2 36
30 x_1_2 37
30 y_1_2 38
30 y_1_2 39
30 hz_1_2 40
30 y_1_2 41
30 y_1_2 43
30 hz_1_2 44
30 y_1_2 45
30 y_1_2 46
30 hz_1_2 47
30 hz_1_2 48
30 y_1_2 49
30 y_1_2 50
30 y_1_2 51
30 hz_1_2 52
30 hz_1_2 53
30 y_1_2 55
30 hz_1_2 56
30 y_1_2 57
30 x_1_2 58
30 hz_1_2 59
30 hz_1_2 61
30 hz_1_2 62
30 hz_1_2 63
30 hz_1_2 64
31 fsimplus(1.508231520652771, -0.14411550760269165, -0.8398980498313904, 1.2348335981369019, 110.85138265431098) 1 8
31 fsimplus(1.536507487297058, -0.14455725252628326, 0.19119000434875488, -1.6278109550476074, -713.0613113626066) 2 9
31 fsimplus(1.553171157836914, -0.15091893076896667, 0.6291438341140747, -0.8855160474777222, -162.75672274459157) 7 13
31 fsimplus(1.5447182655334473, -0.14592647552490234, 1.460141658782959, -0.13674509525299072, -611.0729786872835) 10 16
31 fsimplus(1.5283665657043457, -0.11888892948627472, -0.7553731799125671, -0.8286629319190979, 474.2718787709328) 11 17
31 fsimplus(1.51483154296875, -0.1400664746761322, 0.23159462213516235, 2.1888720989227295, -516.5322859579022) 14 21
31 fsimplus(1.532601237297058, -0.13746438920497894, 0.7502246499061584, 0.5731300711631775, -262.741603250309) 15 22
31 fsimplus(1.5090237855911255, -0.1623980849981308, -1.510617971420288, 1.8405476808547974, -107.82687858494623) 19 25
31 fsimplus(1.5275741815567017, -0.125349223613739, 0.6603471040725708, 0.4353642761707306, -1092.6102662774188) 20 26
31 fsimplus(1.5331789255142212, -0.14154872298240662, 1.3883168697357178, 0.6221066117286682, 631.6557988909752) 23 29
31 fsimplus(1.534623384475708, -0.12846553325653076, -0.7768941521644592, 1.641015648841858, -780.8197999623692) 27 34
31 fsimplus(1.6025071144104004, -0.14094053208827972, -0.09164398163557053, 1.941541075706482, 513.0235781616768) 28 35
31 fsimplus(1.6001439094543457, -0.15485748648643494, -0.1333259642124176, -0.19928979873657227, -629.1322514442174) 31 37
31 fsimplus(1.5230696201324463, -0.13302358984947205, -0.2830870449542999, -2.398369312286377, 350.7703552754391) 32 38
31 fsimplus(1.597196102142334, -0.14054419100284576, -1.0669587850570679, -0.07799580693244934, -637.1541967011884) 33 39
31 fsimplus(1.5530760288238525, -0.11834309995174408, -0.9747694134712219, -3.494321584701538, -797.8943142733239) 40 47
31 fsimplus(1.5406194925308228, -0.13480401039123535, -0.5722049474716187, -0.3444143533706665, -631.7245019442416) 43 49
31 fsimplus(1.5847784280776978, -0.16219915449619293, 0.6903707385063171, -1.7470723390579224, -255.71192415567313) 44 50
31 fsimplus(1.5336220264434814, -0.14085620641708374, -0.5170878767967224, -1.5452650785446167, 341.4671755251441) 45 51
31 fsimplus(1.6115257740020752, -0.11984996497631073, -0.9303760528564453, -0.40642449259757996, -368.2296698885204) 46 52
31 fsimplus(1.5518465042114258, -0.13150422275066376, -0.7843353748321533, -2.552105188369751, 994.6898731112562) 55 61
31 fsimplus(1.5914655923843384, -0.11815202236175537, 0.0834135040640831, -1.0118848085403442, 321.66484569240134) 56 62
31 fsimplus(1.608649492263794, -0.11975647509098053, 0.0055139572359621525, 1.766855001449585, 305.5740095594129) 57 63
31 fsimplus(1.5386476516723633, -0.12157969921827316, -0.8024630546569824, -1.6492602825164795, 359.54270118132627) 58 64
32 y_1_2 1
32 x_1_2 2
32 hz_1_2 3
32 x_1_2 4
32 x_1_2 7
32 hz_1_2 8
32 x_1_2 9
32 y_1_2 10
32 y_1_2 11
32 y_1_2 12
32 hz_1_2 13
32 x_1_2 14
32 x_1_2 15
32 y_1_2 16
32 hz_1_2 17
32 y_1_2 19
32 x_1_2 20
32 hz_1_2 21
32 x_1_2 22
32 y_1_2 23
32 hz_1_2 25
32 y_1_2 26
32 y_1_2 27
32 y_1_2 28
32 hz_1_2 29
32 hz_1_2 31
32 y_1_2 32
32 y_1_2 33
32 hz_1_2 34
32 hz_1_2 35
32 hz_1_2 36
32 hz_1_2 37
32 hz_1_2 38
32 x_1_2 39
32 x_1_2 40
32 hz_1_2 41
32 x_1_2 43
32 y_1_2 44
32 x_1_2 45
32 hz_1_2 46
32 y_1_2 47
32 y_1_2 48
32 hz_1_2 49
32 x_1_2 50
32 x_1_2 51
32 x_1_2 52
32 x_1_2 53
32 hz_1_2 55
32 y_1_2 56
32 hz_1_2 57
32 hz_1_2 58
32 y_1_2 59
32 y_1_2 61
32 y_1_2 62
32 x_1_2 63
32 y_1_2 64
33 fsimplus(1.5979554653167725, -0.10773517191410065, 1.4501397609710693, 3.719292402267456, -531.7950625391379) 3 9
33 fsimplus(1.6206047534942627, -0.1272132694721222, -0.9637511372566223, -0.9392303228378296, -609.5916632852083) 4 10
33 fsimplus(1.5413240194320679, -0.1283116191625595, 0.8466215133666992, 0.6190890073776245, -549.8226237411021) 7 12
33 fsimplus(1.6063297986984253, -0.11263466626405716, 0.40882909297943115, 0.8336535692214966, 430.6359477715593) 8 13
33 fsimplus(1.5983155965805054, -0.158058762550354, -0.4594337046146393, 0.4942000210285187, -259.99512237867987) 14 20
33 fsimplus(1.59918212890625, -0.12558265030384064, -0.4692456126213074, -1.0348939895629883, -368.7290282501564) 15 21
33 fsimplus(1.5381124019622803, -0.129357248544693, -0.18845537304878235, -1.3278207778930664, 555.1437043551745) 16 22
33 fsimplus(1.5323961973190308, -0.14528799057006836, 1.5222502946853638, -0.08053646981716156, -444.7086395101306) 23 28
33 fsimplus(1.6076531410217285, -0.14802110195159912, -0.053584180772304535, -1.5703483819961548, -328.2917510269578) 25 31
33 fsimplus(1.5436575412750244, -0.15254975855350494, 0.6418281197547913, -0.5436755418777466, 721.9633997512478) 26 32
33 fsimplus(1.598997950553894, -0.13433457911014557, 1.3404016494750977, 0.9307005405426025, -287.3109803715519) 27 33
33 fsimplus(1.5955685377120972, -0.13304831087589264, -0.44950228929519653, -2.0927577018737793, -138.18955304222052) 34 39
33 fsimplus(1.5310243368148804, -0.15074193477630615, 0.36913245916366577, 0.9948738217353821, -512.734100233605) 35 40
33 fsimplus(1.5274745225906372, -0.1400471180677414, 1.2695279121398926, 0.0011498271487653255, 899.7080857769917) 37 43
33 fsimplus(1.531766653060913, -0.15104913711547852, 1.444717288017273, -0.46212872862815857, -407.1002118074013) 38 44
33 fsimplus(1.5244033336639404, -0.12593550980091095, -0.7218642830848694, 2.821868658065796, -156.45404214350376) 45 50
33 fsimplus(1.605748176574707, -0.1509491205215454, -1.514675259590149, -0.2703818082809448, 652.517472386336) 46 51
33 fsimplus(1.531211256980896, -0.12840406596660614, -0.6747065782546997, -1.5842417478561401, 594.6032544318656) 47 52
33 fsimplus(1.5358898639678955, -0.13996633887290955, 0.7505143284797668, 0.7865577936172485, -270.7873949363561) 49 55
33 fsimplus(1.6150641441345215, -0.1307845413684845, 0.2545004189014435, 2.9044272899627686, 668.1377069400671) 56 61
33 fsimplus(1.5325641632080078, -0.12452762573957443, -0.5045234560966492, -1.5445146560668945, 586.5054754654312) 57 62
33 fsimplus(1.5275187492370605, -0.1414560079574585, 0.0701705813407898, 1.5085934400558472, -314.3747901566772) 58 63
33 fsimplus(1.6067646741867065, -0.12805402278900146, -1.052878737449646, 0.5938245058059692, 623.17878330985) 59 64
34 hz_1_2 1
34 y_1_2 2
34 y_1_2 3
34 y_1_2 4
34 y_1_2 7
34 x_1_2 8
34 y_1_2 9
34 x_1_2 10
34 hz_1_2 11
34 hz_1_2 12
34 y_1_2 13
34 hz_1_2 14
34 hz_1_2 15
34 x_1_2 16
34 x_1_2 17
34 hz_1_2 19
34 y_1_2 20
34 x_1_2 21
34 hz_1_2 22
34 hz_1_2 23
34 y_1_2 25
34 x_1_2 26
34 hz_1_2 27
34 x_1_2 28
34 x_1_2 29
34 y_1_2 31
34 x_1_2 32
34 hz_1_2 33
34 x_1_2 34
34 x_1_2 35
34 y_1_2 36
34 y_1_2 37
34 y_1_2 38
34 y_1_2 39
34 y_1_2 40
34 x_1_2 41
34 y_1_2 43
34 x_1_2 44
34 y_1_2 45
34 x_1_2 46
34 hz_1_2 47
34 hz_1_2 48
34 x_1_2 49
34 hz_1_2 50
34 y_1_2 51
34 hz_1_2 52
34 y_1_2 53
34 y_1_2 55
34 hz_1_2 56
34 y_1_2 57
34 y_1_2 58
34 hz_1_2 59
34 x_1_2 61
34 x_1_2 62
34 hz_1_2 63
34 x_1_2 64
35 fsimplus(1.5446350574493408, -0.13468104600906372, -0.6687090992927551, -0.795185387134552, 766.3717645241742) 1 7
35 fsimplus(1.5307981967926025, -0.13552452623844147, 1.5385503768920898, -0.1771245002746582, -710.9011741360092) 2 8
35 fsimplus(1.617964506149292, -0.12122070789337158, 0.6821352243423462, -0.6313515901565552, 717.1577021169219) 9 14
35 fsimplus(1.632840633392334, -0.1428118646144867, 0.6131274700164795, 0.17972370982170105, 186.7098744991327) 10 15
35 fsimplus(1.5432918071746826, -0.11193565279245377, 0.8540021777153015, -0.0955786183476448, -263.3271050891894) 11 16
35 fsimplus(1.5604987144470215, -0.1448139250278473, -0.7449406385421753, 0.565971314907074, -203.17326395369014) 13 19
35 fsimplus(1.5242356061935425, -0.14853712916374207, -0.8374187350273132, 2.2156941890716553, -637.8347155854246) 17 23
35 fsimplus(1.5479425191879272, -0.09543639421463013, 0.38279932737350464, -0.35853591561317444, -220.9217915670299) 20 25
35 fsimplus(1.6059616804122925, -0.1287727802991867, -1.3430296182632446, -0.7409613132476807, -930.3887589950033) 21 26
35 fsimplus(1.5293766260147095, -0.14510102570056915, 0.6160158514976501, 0.7413054704666138, -299.6153166790584) 22 27
35 fsimplus(1.5485318899154663, -0.134323388338089, 0.973257303237915, 0.460052490234375, -282.45136518603664) 28 34
35 fsimplus(1.6048939228057861, -0.13388706743717194, -0.29760903120040894, -1.6896480321884155, -608.3985882622742) 29 35
35 fsimplus(1.5176513195037842, -0.13378562033176422, -0.5584571361541748, 1.9715285301208496, -376.9777743876951) 31 36
35 fsimplus(1.5248841047286987, -0.11243146657943726, 1.43203866481781, 1.06298828125, -811.0397170820094) 32 37
35 fsimplus(1.6163146495819092, -0.1473688781261444, 1.085403323173523, 2.295940637588501, 750.165902765718) 33 38
35 fsimplus(1.6081222295761108, -0.11798654496669769, -1.2561837434768677, 1.0439376831054688, 918.2909100253926) 39 45
35 fsimplus(1.5173612833023071, -0.13742820918560028, -0.46315112709999084, -2.284120559692383, 144.80196807137332) 40 46
35 fsimplus(1.6117135286331177, -0.12957586348056793, 0.2832072675228119, 1.8054405450820923, -605.5446283708358) 41 47
35 fsimplus(1.5955312252044678, -0.1527898609638214, 0.8986088633537292, 0.08721911907196045, -257.681736918724) 43 48
35 fsimplus(1.5399425029754639, -0.155563086271286, 0.28087669610977173, 0.691842257976532, -543.6026458943963) 44 49
35 fsimplus(1.630867600440979, -0.1396857649087906, -0.01795892044901848, 1.9695262908935547, -127.38682532954138) 50 56
35 fsimplus(1.6132863759994507, -0.13656151294708252, -1.5900704860687256, 0.08506719768047333, -935.5396095122779) 51 57
35 fsimplus(1.5439438819885254, -0.13192331790924072, -0.459609717130661, -1.8153867721557617, 853.1239432592864) 52 58
35 fsimplus(1.6094332933425903, -0.12019175291061401, 0.2479204535484314, 0.6788816452026367, 926.8602774572652) 53 59
36 x_1_2 1
36 hz_1_2 2
36 x_1_2 3
36 hz_1_2 4
36 x_1_2 7
36 hz_1_2 8
36 x_1_2 9
36 hz_1_2 10
36 y_1_2 11
36 y_1_2 12
36 hz_1_2 13
36 x_1_2 14
36 x_1_2 15
36 hz_1_2 16
36 hz_1_2 17
36 y_1_2 19
36 hz_1_2 20
36 y_1_2 21
36 x_1_2 22
36 x_1_2 23
36 x_1_2 25
36 y_1_2 26
36 y_1_2 27
36 hz_1_2 28
36 y_1_2 29
36 x_1_2 31
36 hz_1_2 32
36 y_1_2 33
36 hz_1_2 34
36 y_1_2 35
36 hz_1_2 36
36 x_1_2 37
36 x_1_2 38
36 x_1_2 39
36 hz_1_2 40
36 y_1_2 41
36 x_1_2 43
36 hz_1_2 44
36 x_1_2 45
36 y_1_2 46
36 x_1_2 47
36 x_1_2 48
36 y_1_2 49
36 y_1_2 50
36 x_1_2 51
36 y_1_2 52
36 x_1_2 53
36 hz_1_2 55
36 y_1_2 56
36 hz_1_2 57
36 hz_1_2 58
36 x_1_2 59
36 hz_1_2 61
36 hz_1_2 62
36 y_1_2 63
36 hz_1_2 64