56
0 x_1_2 1
0 y_1_2 2
0 y_1_2 3
0 hz_1_2 4
0 y_1_2 7
0 y_1_2 8
0 x_1_2 9
0 y_1_2 10
0 hz_1_2 11
0 x_1_2 12
0 y_1_2 13
0 x_1_2 14
0 y_1_2 15
0 hz_1_2 16
0 y_1_2 17
0 x_1_2 19
0 hz_1_2 20
0 y_1_2 21
0 hz_1_2 22
0 hz_1_2 23
0 y_1_2 25
0 hz_1_2 26
0 y_1_2 27
0 x_1_2 28
0 y_1_2 29
0 y_1_2 31
0 x_1_2 32
0 hz_1_2 33
0 x_1_2 34
0 hz_1_2 35
0 x_1_2 36
0 y_1_2 37
0 y_1_2 38
0 y_1_2 39
0 hz_1_2 40
0 x_1_2 41
0 y_1_2 43
0 y_1_2 44
0 x_1_2 45
0 x_1_2 46
0 x_1_2 47
0 y_1_2 48
0 y_1_2 49
0 y_1_2 50
0 x_1_2 51
0 x_1_2 52
0 x_1_2 53
0 hz_1_2 55
0 y_1_2 56
0 hz_1_2 57
0 y_1_2 58
0 y_1_2 59
0 y_1_2 61
0 hz_1_2 62
0 x_1_2 63
0 hz_1_2 64
1 fsimplus(1.600311040878296, -0.12419997155666351, -1.4836472272872925, -0.09175607562065125, -6.7793738966079315) 3 10
1 fsimplus(1.6215472221374512, -0.1396775096654892, 1.4284284114837646, 1.3345654010772705, -28.68974001809842) 4 11
1 fsimplus(1.6060925722122192, -0.12337405979633331, -1.401180624961853, 0.75766521692276, 16.0816829237126) 8 14
1 fsimplus(1.5806424617767334, -0.15211080014705658, 0.8753284811973572, -2.5258655548095703, 10.184176712733484) 9 15
1 fsimplus(1.5282790660858154, -0.14381331205368042, -0.3881719708442688, -3.0333142280578613, 7.859986711314697) 12 19
1 fsimplus(1.5015573501586914, -0.14111976325511932, 1.4534162282943726, -1.4750994443893433, -4.11187581168342) 13 20
1 fsimplus(1.6167263984680176, -0.15693305432796478, -0.8310115933418274, 0.9915308356285095, 4.502039335985727) 16 23
1 fsimplus(1.6095796823501587, -0.13978342711925507, -1.2597733736038208, -0.40658050775527954, -2.463168641979337) 21 27
1 fsimplus(1.5381345748901367, -0.14592130482196808, -0.0989154726266861, -1.0227842330932617, -24.347336252254397) 22 28
1 fsimplus(1.5994360446929932, -0.1361493021249771, 1.2483417987823486, -2.0495402812957764, -8.573078934346334) 25 32
1 fsimplus(1.5448917150497437, -0.1323370337486267, -0.8607275485992432, -2.234393835067749, 11.229102218233058) 26 33
1 fsimplus(1.5413964986801147, -0.11502473056316376, 1.1784230470657349, 2.2765347957611084, 5.5994510570025895) 34 40
1 fsimplus(1.6120455265045166, -0.13017092645168304, -0.7868511080741882, 1.891609787940979, -22.163765287229626) 35 41
1 fsimplus(1.5358302593231201, -0.1438470333814621, -0.4022025465965271, -1.6827073097229004, 15.511718849936663) 36 43
1 fsimplus(1.6129465103149414, -0.15393845736980438, 0.488312304019928, -0.7346457839012146, 21.071804792773758) 37 44
1 fsimplus(1.6236952543258667, -0.1468815952539444, -1.5521750450134277, -2.015568733215332, -15.188147658974312) 38 45
1 fsimplus(1.6191695928573608, -0.1272864192724228, -0.39417481422424316, 1.1543866395950317, 16.024927034467645) 39 46
1 fsimplus(1.5916013717651367, -0.1265886425971985, 0.7200601696968079, 1.1882858276367188, 7.244876700450556) 47 53
1 fsimplus(1.5241869688034058, -0.20875729620456696, 0.2938883602619171, 0.6789677143096924, -20.58712858753579) 48 55
1 fsimplus(1.5359559059143066, -0.1340981274843216, -0.28427284955978394, -1.7961530685424805, 5.11223570175796) 49 56
1 fsimplus(1.5397664308547974, -0.13798993825912476, 0.9442697167396545, 2.271878480911255, -7.705881473711484) 50 57
1 fsimplus(1.6030642986297607, -0.1470065861940384, 1.1379460096359253, -1.6871254444122314, -4.890367473612816) 51 58
1 fsimplus(1.6085096597671509, -0.14888769388198853, -0.10912202298641205, 1.500234842300415, 12.778721889210097) 52 59
2 hz_1_2 1
2 x_1_2 2
2 hz_1_2 3
2 y_1_2 4
2 x_1_2 7
2 hz_1_2 8
2 y_1_2 9
2 x_1_2 10
2 y_1_2 11
2 hz_1_2 12
2 hz_1_2 13
2 hz_1_2 14
2 x_1_2 15
2 x_1_2 16
2 hz_1_2 17
2 hz_1_2 19
2 x_1_2 20
2 x_1_2 21
2 x_1_2 22
2 y_1_2 23
2 x_1_2 25
2 y_1_2 26
2 hz_1_2 27
2 hz_1_2 28
2 x_1_2 29
2 x_1_2 31
2 hz_1_2 32
2 x_1_2 33
2 hz_1_2 34
2 y_1_2 35
2 hz_1_2 36
2 hz_1_2 37
2 x_1_2 38
2 hz_1_2 39
2 x_1_2 40
2 hz_1_2 41
2 x_1_2 43
2 x_1_2 44
2 y_1_2 45
2 y_1_2 46
2 hz_1_2 47
2 x_1_2 48
2 x_1_2 49
2 hz_1_2 50
2 y_1_2 51
2 hz_1_2 52
2 hz_1_2 53
2 y_1_2 55
2 x_1_2 56
2 x_1_2 57
2 x_1_2 58
2 hz_1_2 59
2 x_1_2 61
2 x_1_2 62
2 y_1_2 63
2 x_1_2 64
3 fsimplus(1.508231520652771, -0.14411550760269165, -0.8398980498313904, 1.2348335981369019, 12.182637248566367) 1 8
3 fsimplus(1.536507487297058, -0.14455725252628326, 0.19119000434875488, -1.6278109550476074, -64.21707918331326) 2 9
3 fsimplus(1.553171157836914, -0.15091893076896667, 0.6291438341140747, -0.8855160474777222, -12.339191859752372) 7 13
3 fsimplus(1.5447182655334473, -0.14592647552490234, 1.460141658782959, -0.13674509525299072, -54.52066965309032) 10 16
3 fsimplus(1.5283665657043457, -0.11888892948627472, -0.7553731799125671, -0.8286629319190979, 43.489809750223166) 11 17
3 fsimplus(1.51483154296875, -0.1400664746761322, 0.23159462213516235, 2.1888720989227295, -47.71005902325149) 14 21
3 fsimplus(1.532601237297058, -0.13746438920497894, 0.7502246499061584, 0.5731300711631775, -26.80431392390434) 15 22
3 fsimplus(1.5090237855911255, -0.1623980849981308, -1.510617971420288, 1.8405476808547974, -7.548524661720087) 19 25
3 fsimplus(1.5275741815567017, -0.125349223613739, 0.6603471040725708, 0.4353642761707306, -99.84121321213584) 20 26
3 fsimplus(1.5331789255142212, -0.14154872298240662, 1.3883168697357178, 0.6221066117286682, 58.334809097309645) 23 29
3 fsimplus(1.534623384475708, -0.12846553325653076, -0.7768941521644592, 1.641015648841858, -74.52255562799411) 27 34
3 fsimplus(1.6025071144104004, -0.14094053208827972, -0.09164398163557053, 1.941541075706482, 49.28689265147731) 28 35
3 fsimplus(1.6001439094543457, -0.15485748648643494, -0.1333259642124176, -0.19928979873657227, -57.53895946915638) 31 37
3 fsimplus(1.5230696201324463, -0.13302358984947205, -0.2830870449542999, -2.398369312286377, 31.590377292167616) 32 38
3 fsimplus(1.597196102142334, -0.14054419100284576, -1.0669587850570679, -0.07799580693244934, -59.85411089142013) 33 39
3 fsimplus(1.5530760288238525, -0.11834309995174408, -0.9747694134712219, -3.494321584701538, -73.50373527992221) 40 47
3 fsimplus(1.5406194925308228, -0.13480401039123535, -0.5722049474716187, -0.3444143533706665, -56.80417226797473) 43 49
3 fsimplus(1.5847784280776978, -0.16219915449619293, 0.6903707385063171, -1.7470723390579224, -26.26954639103592) 44 50
3 fsimplus(1.5336220264434814, -0.14085620641708374, -0.5170878767967224, -1.5452650785446167, 34.57361917610949) 45 51
3 fsimplus(1.6115257740020752, -0.11984996497631073, -0.9303760528564453, -0.40642449259757996, -32.29127978065672) 46 52
3 fsimplus(1.5518465042114258, -0.13150422275066376, -0.7843353748321533, -2.552105188369751, 90.44672134873622) 55 61
3 fsimplus(1.5914655923843384, -0.11815202236175537, 0.0834135040640831, -1.0118848085403442, 30.672270455456815) 56 62
3 fsimplus(1.608649492263794, -0.11975647509098053, 0.0055139572359621525, 1.766855001449585, 29.771312469100117) 57 63
3 fsimplus(1.5386476516723633, -0.12157969921827316, -0.8024630546569824, -1.6492602825164795, 36.162851532026494) 58 64
4 y_1_2 1
4 hz_1_2 2
4 x_1_2 3
4 hz_1_2 4
4 y_1_2 7
4 x_1_2 8
4 x_1_2 9
4 y_1_2 10
4 x_1_2 11
4 y_1_2 12
4 y_1_2 13
4 x_1_2 14
4 hz_1_2 15
4 hz_1_2 16
4 x_1_2 17
4 y_1_2 19
4 hz_1_2 20
4 y_1_2 21
4 hz_1_2 22
4 hz_1_2 23
4 y_1_2 25
4 hz_1_2 26
4 x_1_2 27
4 y_1_2 28
4 y_1_2 29
4 hz_1_2 31
4 x_1_2 32
4 y_1_2 33
4 x_1_2 34
4 hz_1_2 35
4 y_1_2 36
4 y_1_2 37
4 hz_1_2 38
4 y_1_2 39
4 y_1_2 40
4 x_1_2 41
4 hz_1_2 43
4 y_1_2 44
4 x_1_2 45
4 hz_1_2 46
4 x_1_2 47
4 y_1_2 48
4 hz_1_2 49
4 x_1_2 50
4 hz_1_2 51
4 y_1_2 52
4 x_1_2 53
4 hz_1_2 55
4 hz_1_2 56
4 hz_1_2 57
4 hz_1_2 58
4 x_1_2 59
4 y_1_2 61
4 hz_1_2 62
4 hz_1_2 63
4 hz_1_2 64
5 fsimplus(1.5979554653167725, -0.10773517191410065, 1.4501397609710693, 3.719292402267456, -77.54146134086298) 3 9
5 fsimplus(1.6206047534942627, -0.1272132694721222, -0.9637511372566223, -0.9392303228378296, -90.8844081022311) 4 10
5 fsimplus(1.5413240194320679, -0.1283116191625595, 0.8466215133666992, 0.6190890073776245, -79.03652038560078) 7 12
5 fsimplus(1.6063297986984253, -0.11263466626405716, 0.40882909297943115, 0.8336535692214966, 64.61302462323982) 8 13
5 fsimplus(1.5983155965805054, -0.158058762550354, -0.4594337046146393, 0.4942000210285187, -39.37863629363028) 14 20
5 fsimplus(1.59918212890625, -0.12558265030384064, -0.4692456126213074, -1.0348939895629883, -55.340560339354276) 15 21
5 fsimplus(1.5381124019622803, -0.129357248544693, -0.18845537304878235, -1.3278207778930664, 84.10858660382675) 16 22
5 fsimplus(1.5323961973190308, -0.14528799057006836, 1.5222502946853638, -0.08053646981716156, -66.56616004437852) 23 28
5 fsimplus(1.6076531410217285, -0.14802110195159912, -0.053584180772304535, -1.5703483819961548, -47.50876601971658) 25 31
5 fsimplus(1.5436575412750244, -0.15254975855350494, 0.6418281197547913, -0.5436755418777466, 105.24202463614292) 26 32
5 fsimplus(1.598997950553894, -0.13433457911014557, 1.3404016494750977, 0.9307005405426025, -42.60427685740108) 27 33
5 fsimplus(1.5955685377120972, -0.13304831087589264, -0.44950228929519653, -2.0927577018737793, -22.480008052676443) 34 39
5 fsimplus(1.5310243368148804, -0.15074193477630615, 0.36913245916366577, 0.9948738217353821, -77.68284626142533) 35 40
5 fsimplus(1.5274745225906372, -0.1400471180677414, 1.2695279121398926, 0.0011498271487653255, 135.66260603472733) 37 43
5 fsimplus(1.531766653060913, -0.15104913711547852, 1.444717288017273, -0.46212872862815857, -62.84936176396325) 38 44
5 fsimplus(1.5244033336639404, -0.12593550980091095, -0.7218642830848694, 2.821868658065796, -23.901368791605307) 45 50
5 fsimplus(1.605748176574707, -0.1509491205215454, -1.514675259590149, -0.2703818082809448, 96.55047554031788) 46 51
5 fsimplus(1.531211256980896, -0.12840406596660614, -0.6747065782546997, -1.5842417478561401, 89.43006002107738) 47 52
5 fsimplus(1.5358898639678955, -0.13996633887290955, 0.7505143284797668, 0.7865577936172485, -39.82269205071966) 49 55
5 fsimplus(1.6150641441345215, -0.1307845413684845, 0.2545004189014435, 2.9044272899627686, 101.55807594529537) 56 61
5 fsimplus(1.5325641632080078, -0.12452762573957443, -0.5045234560966492, -1.5445146560668945, 84.77997521569202) 57 62
5 fsimplus(1.5275187492370605, -0.1414560079574585, 0.0701705813407898, 1.5085934400558472, -45.9937489260758) 58 63
5 fsimplus(1.6067646741867065, -0.12805402278900146, -1.052878737449646, 0.5938245058059692, 91.93095777934941) 59 64
6 hz_1_2 1
6 x_1_2 2
6 hz_1_2 3
6 y_1_2 4
6 hz_1_2 7
6 y_1_2 8
6 y_1_2 9
6 x_1_2 10
6 y_1_2 11
6 x_1_2 12
6 hz_1_2 13
6 hz_1_2 14
6 x_1_2 15
6 y_1_2 16
6 y_1_2 17
6 x_1_2 19
6 y_1_2 20
6 x_1_2 21
6 y_1_2 22
6 y_1_2 23
6 hz_1_2 25
6 y_1_2 26
6 y_1_2 27
6 x_1_2 28
6 hz_1_2 29
6 y_1_2 31
6 hz_1_2 32
6 hz_1_2 33
6 hz_1_2 34
6 x_1_2 35
6 hz_1_2 36
6 x_1_2 37
6 x_1_2 38
6 x_1_2 39
6 x_1_2 40
6 hz_1_2 41
6 y_1_2 43
6 x_1_2 44
6 y_1_2 45
6 x_1_2 46
6 hz_1_2 47
6 hz_1_2 48
6 y_1_2 49
6 y_1_2 50
6 x_1_2 51
6 x_1_2 52
6 y_1_2 53
6 y_1_2 55
6 y_1_2 56
6 x_1_2 57
6 y_1_2 58
6 hz_1_2 59
6 x_1_2 61
6 y_1_2 62
6 y_1_2 63
6 y_1_2 64
7 fsimplus(1.5446350574493408, -0.13468104600906372, -0.6687090992927551, -0.795185387134552, 151.26256508527084) 1 7
7 fsimplus(1.5307981967926025, -0.13552452623844147, 1.5385503768920898, -0.1771245002746582, -142.28065195878474) 2 8
7 fsimplus(1.617964506149292, -0.12122070789337158, 0.6821352243423462, -0.6313515901565552, 140.54818200285135) 9 14
7 fsimplus(1.632840633392334, -0.1428118646144867, 0.6131274700164795, 0.17972370982170105, 36.28977645557346) 10 15
7 fsimplus(1.5432918071746826, -0.11193565279245377, 0.8540021777153015, -0.0955786183476448, -52.74050812343849) 11 16
7 fsimplus(1.5604987144470215, -0.1448139250278473, -0.7449406385421753, 0.565971314907074, -37.709615810542914) 13 19
7 fsimplus(1.5242356061935425, -0.14853712916374207, -0.8374187350273132, 2.2156941890716553, -123.91007709793084) 17 23
7 fsimplus(1.5479425191879272, -0.09543639421463013, 0.38279932737350464, -0.35853591561317444, -45.43338862202417) 20 25
7 fsimplus(1.6059616804122925, -0.1287727802991867, -1.3430296182632446, -0.7409613132476807, -185.8254467793213) 21 26
7 fsimplus(1.5293766260147095, -0.14510102570056915, 0.6160158514976501, 0.7413054704666138, -58.24591950099363) 22 27
7 fsimplus(1.5485318899154663, -0.134323388338089, 0.973257303237915, 0.460052490234375, -56.51829339172996) 28 34
7 fsimplus(1.6048939228057861, -0.13388706743717194, -0.29760903120040894, -1.6896480321884155, -120.67180451305602) 29 35
7 fsimplus(1.5176513195037842, -0.13378562033176422, -0.5584571361541748, 1.9715285301208496, -73.88874726179857) 31 36
7 fsimplus(1.5248841047286987, -0.11243146657943726, 1.43203866481781, 1.06298828125, -159.2227151048794) 32 37
7 fsimplus(1.6163146495819092, -0.1473688781261444, 1.085403323173523, 2.295940637588501, 150.2029397752053) 33 38
7 fsimplus(1.6081222295761108, -0.11798654496669769, -1.2561837434768677, 1.0439376831054688, 182.1684156812884) 39 45
7 fsimplus(1.5173612833023071, -0.13742820918560028, -0.46315112709999084, -2.284120559692383, 28.08096254612315) 40 46
7 fsimplus(1.6117135286331177, -0.12957586348056793, 0.2832072675228119, 1.8054405450820923, -119.47366199606019) 41 47
7 fsimplus(1.5955312252044678, -0.1527898609638214, 0.8986088633537292, 0.08721911907196045, -52.61196404239538) 43 48
7 fsimplus(1.5399425029754639, -0.155563086271286, 0.28087669610977173, 0.691842257976532, -105.98166604343037) 44 49
7 fsimplus(1.630867600440979, -0.1396857649087906, -0.01795892044901848, 1.9695262908935547, -25.907041125324263) 50 56
7 fsimplus(1.6132863759994507, -0.13656151294708252, -1.5900704860687256, 0.08506719768047333, -183.88067059433294) 51 57
7 fsimplus(1.5439438819885254, -0.13192331790924072, -0.459609717130661, -1.8153867721557617, 168.69375690243544) 52 58
7 fsimplus(1.6094332933425903, -0.12019175291061401, 0.2479204535484314, 0.6788816452026367, 182.7436508588748) 53 59
8 x_1_2 1
8 y_1_2 2
8 y_1_2 3
8 hz_1_2 4
8 y_1_2 7
8 hz_1_2 8
8 x_1_2 9
8 y_1_2 10
8 x_1_2 11
8 y_1_2 12
8 x_1_2 13
8 y_1_2 14
8 hz_1_2 15
8 x_1_2 16
8 hz_1_2 17
8 y_1_2 19
8 hz_1_2 20
8 hz_1_2 21
8 x_1_2 22
8 x_1_2 23
8 y_1_2 25
8 hz_1_2 26
8 x_1_2 27
8 hz_1_2 28
8 y_1_2 29
8 x_1_2 31
8 x_1_2 32
8 y_1_2 33
8 x_1_2 34
8 y_1_2 35
8 y_1_2 36
8 hz_1_2 37
8 hz_1_2 38
8 hz_1_2 39
8 y_1_2 40
8 x_1_2 41
8 x_1_2 43
8 y_1_2 44
8 hz_1_2 45
8 hz_1_2 46
8 x_1_2 47
8 x_1_2 48
8 x_1_2 49
8 hz_1_2 50
8 y_1_2 51
8 y_1_2 52
8 hz_1_2 53
8 hz_1_2 55
8 x_1_2 56
8 y_1_2 57
8 x_1_2 58
8 x_1_2 59
8 hz_1_2 61
8 x_1_2 62
8 x_1_2 63
8 hz_1_2 64
9 fsimplus(1.5979554653167725, -0.10773517191410065, 1.4501397609710693, 3.719292402267456, -142.43483294061656) 3 9
9 fsimplus(1.6206047534942627, -0.1272132694721222, -0.9637511372566223, -0.9392303228378296, -164.98544455694216) 4 10
9 fsimplus(1.5413240194320679, -0.1283116191625595, 0.8466215133666992, 0.6190890073776245, -146.29167800781528) 7 12
9 fsimplus(1.6063297986984253, -0.11263466626405716, 0.40882909297943115, 0.8336535692214966, 116.90201364442834) 8 13
9 fsimplus(1.5983155965805054, -0.158058762550354, -0.4594337046146393, 0.4942000210285187, -70.89527716292308) 14 20
9 fsimplus(1.59918212890625, -0.12558265030384064, -0.4692456126213074, -1.0348939895629883, -100.11034146946888) 15 21
9 fsimplus(1.5381124019622803, -0.129357248544693, -0.18845537304878235, -1.3278207778930664, 151.39931771116215) 16 22
9 fsimplus(1.5323961973190308, -0.14528799057006836, 1.5222502946853638, -0.08053646981716156, -120.58651425377168) 23 28
9 fsimplus(1.6076531410217285, -0.14802110195159912, -0.053584180772304535, -1.5703483819961548, -87.62062102075105) 25 31
9 fsimplus(1.5436575412750244, -0.15254975855350494, 0.6418281197547913, -0.5436755418777466, 193.34507822401508) 26 32
9 fsimplus(1.598997950553894, -0.13433457911014557, 1.3404016494750977, 0.9307005405426025, -77.56237735942264) 27 33
9 fsimplus(1.5955685377120972, -0.13304831087589264, -0.44950228929519653, -2.0927577018737793, -39.009943051182745) 34 39
9 fsimplus(1.5310243368148804, -0.15074193477630615, 0.36913245916366577, 0.9948738217353821, -139.83302540030817) 35 40
9 fsimplus(1.5274745225906372, -0.1400471180677414, 1.2695279121398926, 0.0011498271487653255, 244.81196028362226) 37 43
9 fsimplus(1.531766653060913, -0.15104913711547852, 1.444717288017273, -0.46212872862815857, -112.02805462731158) 38 44
9 fsimplus(1.5244033336639404, -0.12593550980091095, -0.7218642830848694, 2.821868658065796, -42.837464984733664) 45 50
9 fsimplus(1.605748176574707, -0.1509491205215454, -1.514675259590149, -0.2703818082809448, 175.9743322326062) 46 51
9 fsimplus(1.531211256980896, -0.12840406596660614, -0.6747065782546997, -1.5842417478561401, 161.59765922261857) 47 52
9 fsimplus(1.5358898639678955, -0.13996633887290955, 0.7505143284797668, 0.7865577936172485, -72.8176496058106) 49 55
9 fsimplus(1.6150641441345215, -0.1307845413684845, 0.2545004189014435, 2.9044272899627686, 182.4980232302628) 56 61
9 fsimplus(1.5325641632080078, -0.12452762573957443, -0.5045234560966492, -1.5445146560668945, 156.45504667994052) 57 62
9 fsimplus(1.5275187492370605, -0.1414560079574585, 0.0701705813407898, 1.5085934400558472, -84.33389767330459) 58 63
9 fsimplus(1.6067646741867065, -0.12805402278900146, -1.052878737449646, 0.5938245058059692, 167.82350428370665) 59 64
10 hz_1_2 1
10 x_1_2 2
10 x_1_2 3
10 y_1_2 4
10 hz_1_2 7
10 y_1_2 8
10 y_1_2 9
10 x_1_2 10
10 y_1_2 11
10 x_1_2 12
10 hz_1_2 13
10 x_1_2 14
10 x_1_2 15
10 hz_1_2 16
10 y_1_2 17
10 hz_1_2 19
10 x_1_2 20
10 y_1_2 21
10 hz_1_2 22
10 y_1_2 23
10 x_1_2 25
10 y_1_2 26
10 y_1_2 27
10 y_1_2 28
10 hz_1_2 29
10 hz_1_2 31
10 hz_1_2 32
10 hz_1_2 33
10 hz_1_2 34
10 x_1_2 35
10 hz_1_2 36
10 y_1_2 37
10 y_1_2 38
10 x_1_2 39
10 x_1_2 40
10 hz_1_2 41
10 y_1_2 43
10 hz_1_2 44
10 x_1_2 45
10 y_1_2 46
10 y_1_2 47
10 y_1_2 48
10 hz_1_2 49
10 x_1_2 50
10 hz_1_2 51
10 x_1_2 52
10 x_1_2 53
10 y_1_2 55
10 y_1_2 56
10 x_1_2 57
10 y_1_2 58
10 hz_1_2 59
10 y_1_2 61
10 hz_1_2 62
10 hz_1_2 63
10 x_1_2 64
11 fsimplus(1.5446350574493408, -0.13468104600906372, -0.6687090992927551, -0.795185387134552, 239.13530786225712) 1 7
11 fsimplus(1.5307981967926025, -0.13552452623844147, 1.5385503768920898, -0.1771245002746582, -223.51215512695973) 2 8
11 fsimplus(1.617964506149292, -0.12122070789337158, 0.6821352243423462, -0.6313515901565552, 222.92097059057576) 9 14
11 fsimplus(1.632840633392334, -0.1428118646144867, 0.6131274700164795, 0.17972370982170105, 57.778361890367655) 10 15
11 fsimplus(1.5432918071746826, -0.11193565279245377, 0.8540021777153015, -0.0955786183476448, -82.82430768997436) 11 16
11 fsimplus(1.5604987144470215, -0.1448139250278473, -0.7449406385421753, 0.565971314907074, -61.347279830992534) 13 19
11 fsimplus(1.5242356061935425, -0.14853712916374207, -0.8374187350273132, 2.2156941890716553, -197.3278825961443) 17 23
11 fsimplus(1.5479425191879272, -0.09543639421463013, 0.38279932737350464, -0.35853591561317444, -70.50316047131072) 20 25
11 fsimplus(1.6059616804122925, -0.1287727802991867, -1.3430296182632446, -0.7409613132476807, -292.1916342387045) 21 26
11 fsimplus(1.5293766260147095, -0.14510102570056915, 0.6160158514976501, 0.7413054704666138, -92.7272619550029) 22 27
11 fsimplus(1.5485318899154663, -0.134323388338089, 0.973257303237915, 0.460052490234375, -88.79444650520237) 28 34
11 fsimplus(1.6048939228057861, -0.13388706743717194, -0.29760903120040894, -1.6896480321884155, -190.34705933437297) 29 35
11 fsimplus(1.5176513195037842, -0.13378562033176422, -0.5584571361541748, 1.9715285301208496, -117.18717970835525) 31 36
11 fsimplus(1.5248841047286987, -0.11243146657943726, 1.43203866481781, 1.06298828125, -252.33942967304088) 32 37
11 fsimplus(1.6163146495819092, -0.1473688781261444, 1.085403323173523, 2.295940637588501, 235.91193448813573) 33 38
11 fsimplus(1.6081222295761108, -0.11798654496669769, -1.2561837434768677, 1.0439376831054688, 287.3287720161605) 39 45
11 fsimplus(1.5173612833023071, -0.13742820918560028, -0.46315112709999084, -2.284120559692383, 44.75539190687319) 40 46
11 fsimplus(1.6117135286331177, -0.12957586348056793, 0.2832072675228119, 1.8054405450820923, -188.91237147817102) 41 47
11 fsimplus(1.5955312252044678, -0.1527898609638214, 0.8986088633537292, 0.08721911907196045, -81.90764588187092) 43 48
11 fsimplus(1.5399425029754639, -0.155563086271286, 0.28087669610977173, 0.691842257976532, -168.4989488792827) 44 49
11 fsimplus(1.630867600440979, -0.1396857649087906, -0.01795892044901848, 1.9695262908935547, -40.40415315449815) 50 56
11 fsimplus(1.6132863759994507, -0.13656151294708252, -1.5900704860687256, 0.08506719768047333, -291.2605190111823) 51 57
11 fsimplus(1.5439438819885254, -0.13192331790924072, -0.459609717130661, -1.8153867721557617, 266.46949781055713) 52 58
11 fsimplus(1.6094332933425903, -0.12019175291061401, 0.2479204535484314, 0.6788816452026367, 289.0460260872163) 53 59
12 x_1_2 1
12 y_1_2 2
12 y_1_2 3
12 x_1_2 4
12 y_1_2 7
12 x_1_2 8
12 hz_1_2 9
12 y_1_2 10
12 hz_1_2 11
12 y_1_2 12
12 x_1_2 13
12 y_1_2 14
12 y_1_2 15
12 y_1_2 16
12 hz_1_2 17
12 y_1_2 19
12 y_1_2 20
12 x_1_2 21
12 y_1_2 22
12 x_1_2 23
12 hz_1_2 25
12 hz_1_2 26
12 hz_1_2 27
12 x_1_2 28
12 y_1_2 29
12 x_1_2 31
12 y_1_2 32
12 y_1_2 33
12 x_1_2 34
12 hz_1_2 35
12 y_1_2 36
12 hz_1_2 37
12 x_1_2 38
12 hz_1_2 39
12 y_1_2 40
12 x_1_2 41
12 hz_1_2 43
12 y_1_2 44
12 hz_1_2 45
12 hz_1_2 46
12 hz_1_2 47
12 hz_1_2 48
12 y_1_2 49
12 y_1_2 50
12 x_1_2 51
12 y_1_2 52
12 hz_1_2 53
12 hz_1_2 55
12 hz_1_2 56
12 y_1_2 57
12 hz_1_2 58
12 x_1_2 59
12 x_1_2 61
12 x_1_2 62
12 x_1_2 63
12 hz_1_2 64
13 fsimplus(1.600311040878296, -0.12419997155666351, -1.4836472272872925, -0.09175607562065125, -85.42134739015611) 3 10
13 fsimplus(1.6215472221374512, -0.1396775096654892, 1.4284284114837646, 1.3345654010772705, -399.26386884013556) 4 11
13 fsimplus(1.6060925722122192, -0.12337405979633331, -1.401180624961853, 0.75766521692276, 228.8184586859991) 8 14
13 fsimplus(1.5806424617767334, -0.15211080014705658, 0.8753284811973572, -2.5258655548095703, 190.6880743228287) 9 15
13 fsimplus(1.5282790660858154, -0.14381331205368042, -0.3881719708442688, -3.0333142280578613, 74.24781142310685) 12 19
13 fsimplus(1.5015573501586914, -0.14111976325511932, 1.4534162282943726, -1.4750994443893433, -42.79198972084099) 13 20
13 fsimplus(1.6167263984680176, -0.15693305432796478, -0.8310115933418274, 0.9915308356285095, 59.12090826411435) 16 23
13 fsimplus(1.6095796823501587, -0.13978342711925507, -1.2597733736038208, -0.40658050775527954, -72.71383375355111) 21 27
13 fsimplus(1.5381345748901367, -0.14592130482196808, -0.0989154726266861, -1.0227842330932617, -333.66172327431167) 22 28
13 fsimplus(1.5994360446929932, -0.1361493021249771, 1.2483417987823486, -2.0495402812957764, -94.52705393656309) 25 32
13 fsimplus(1.5448917150497437, -0.1323370337486267, -0.8607275485992432, -2.234393835067749, 155.20269797874616) 26 33
13 fsimplus(1.5413964986801147, -0.11502473056316376, 1.1784230470657349, 2.2765347957611084, 114.72166677085686) 34 40
13 fsimplus(1.6120455265045166, -0.13017092645168304, -0.7868511080741882, 1.891609787940979, -310.75127954043234) 35 41
13 fsimplus(1.5358302593231201, -0.1438470333814621, -0.4022025465965271, -1.6827073097229004, 227.88652523269383) 36 43
13 fsimplus(1.6129465103149414, -0.15393845736980438, 0.488312304019928, -0.7346457839012146, 289.6772890429011) 37 44
13 fsimplus(1.6236952543258667, -0.1468815952539444, -1.5521750450134277, -2.015568733215332, -204.2483852830502) 38 45
13 fsimplus(1.6191695928573608, -0.1272864192724228, -0.39417481422424316, 1.1543866395950317, 224.76023582609096) 39 46
13 fsimplus(1.5916013717651367, -0.1265886425971985, 0.7200601696968079, 1.1882858276367188, 109.08149596675695) 47 53
13 fsimplus(1.5241869688034058, -0.20875729620456696, 0.2938883602619171, 0.6789677143096924, -278.0793827384966) 48 55
13 fsimplus(1.5359559059143066, -0.1340981274843216, -0.28427284955978394, -1.7961530685424805, 50.84030050837729) 49 56
13 fsimplus(1.5397664308547974, -0.13798993825912476, 0.9442697167396545, 2.271878480911255, -141.51132828100233) 50 57
13 fsimplus(1.6030642986297607, -0.1470065861940384, 1.1379460096359253, -1.6871254444122314, -93.80831058662602) 51 58
13 fsimplus(1.6085096597671509, -0.14888769388198853, -0.10912202298641205, 1.500234842300415, 217.0196692359175) 52 59
14 y_1_2 1
14 x_1_2 2
14 hz_1_2 3
14 hz_1_2 4
14 hz_1_2 7
14 hz_1_2 8
14 y_1_2 9
14 hz_1_2 10
14 y_1_2 11
14 hz_1_2 12
14 y_1_2 13
14 x_1_2 14
14 x_1_2 15
14 x_1_2 16
14 y_1_2 17
14 x_1_2 19
14 hz_1_2 20
14 hz_1_2 21
14 x_1_2 22
14 hz_1_2 23
14 y_1_2 25
14 x_1_2 26
14 y_1_2 27
14 hz_1_2 28
14 hz_1_2 29
14 hz_1_2 31
14 hz_1_2 32
14 x_1_2 33
14 hz_1_2 34
14 y_1_2 35
14 hz_1_2 36
14 y_1_2 37
14 y_1_2 38
14 x_1_2 39
14 hz_1_2 40
14 y_1_2 41
14 x_1_2 43
14 hz_1_2 44
14 y_1_2 45
14 x_1_2 46
14 x_1_2 47
14 y_1_2 48
14 x_1_2 49
14 hz_1_2 50
14 y_1_2 51
14 x_1_2 52
14 y_1_2 53
14 y_1_2 55
14 x_1_2 56
14 x_1_2 57
14 y_1_2 58
14 y_1_2 59
14 y_1_2 61
14 hz_1_2 62
14 y_1_2 63
14 y_1_2 64
15 fsimplus(1.508231520652771, -0.14411550760269165, -0.8398980498313904, 1.2348335981369019, 54.46924242245695) 1 8
15 fsimplus(1.536507487297058, -0.14455725252628326, 0.19119000434875488, -1.6278109550476074, -342.29317868872494) 2 9
15 fsimplus(1.553171157836914, -0.15091893076896667, 0.6291438341140747, -0.8855160474777222, -76.80384795325493) 7 13
15 fsimplus(1.5447182655334473, -0.14592647552490234, 1.460141658782959, -0.13674509525299072, -293.04308781060183) 10 16
15 fsimplus(1.5283665657043457, -0.11888892948627472, -0.7553731799125671, -0.8286629319190979, 228.1106964733846) 11 17
15 fsimplus(1.51483154296875, -0.1400664746761322, 0.23159462213516235, 2.1888720989227295, -248.63387056667338) 14 21
15 fsimplus(1.532601237297058, -0.13746438920497894, 0.7502246499061584, 0.5731300711631775, -127.92029506379214) 15 22
15 fsimplus(1.5090237855911255, -0.1623980849981308, -1.510617971420288, 1.8405476808547974, -50.52496205738846) 19 25
15 fsimplus(1.5275741815567017, -0.125349223613739, 0.6603471040725708, 0.4353642761707306, -525.3136645258288) 20 26
15 fsimplus(1.5331789255142212, -0.14154872298240662, 1.3883168697357178, 0.6221066117286682, 304.04380472316655) 23 29
15 fsimplus(1.534623384475708, -0.12846553325653076, -0.7768941521644592, 1.641015648841858, -377.2213746284408) 27 34
15 fsimplus(1.6025071144104004, -0.14094053208827972, -0.09164398163557053, 1.941541075706482, 248.03118644156297) 28 35
15 fsimplus(1.6001439094543457, -0.15485748648643494, -0.1333259642124176, -0.19928979873657227, -302.50751317275416) 31 37
15 fsimplus(1.5230696201324463, -0.13302358984947205, -0.2830870449542999, -2.398369312286377, 168.3817964278555) 32 38
15 fsimplus(1.597196102142334, -0.14054419100284576, -1.0669587850570679, -0.07799580693244934, -307.268433381321) 33 39
15 fsimplus(1.5530760288238525, -0.11834309995174408, -0.9747694134712219, -3.494321584701538, -383.9568405628089) 40 47
15 fsimplus(1.5406194925308228, -0.13480401039123535, -0.5722049474716187, -0.3444143533706665, -303.19859927208927) 43 49
15 fsimplus(1.5847784280776978, -0.16219915449619293, 0.6903707385063171, -1.7470723390579224, -124.60199400445192) 44 50
15 fsimplus(1.5336220264434814, -0.14085620641708374, -0.5170878767967224, -1.5452650785446167, 166.09942903998157) 45 51
15 fsimplus(1.6115257740020752, -0.11984996497631073, -0.9303760528564453, -0.40642449259757996, -176.26487554116983) 46 52
15 fsimplus(1.5518465042114258, -0.13150422275066376, -0.7843353748321533, -2.552105188369751, 477.9795006755308) 55 61
15 fsimplus(1.5914655923843384, -0.11815202236175537, 0.0834135040640831, -1.0118848085403442, 155.38337412843313) 56 62
15 fsimplus(1.608649492263794, -0.11975647509098053, 0.0055139572359621525, 1.766855001449585, 147.97246836494855) 57 63
15 fsimplus(1.5386476516723633, -0.12157969921827316, -0.8024630546569824, -1.6492602825164795, 174.7542156674408) 58 64
16 x_1_2 1
16 y_1_2 2
16 x_1_2 3
16 x_1_2 4
16 y_1_2 7
16 x_1_2 8
16 x_1_2 9
16 x_1_2 10
16 hz_1_2 11
16 y_1_2 12
16 hz_1_2 13
16 hz_1_2 14
16 hz_1_2 15
16 y_1_2 16
16 x_1_2 17
16 y_1_2 19
16 y_1_2 20
16 y_1_2 21
16 hz_1_2 22
16 x_1_2 23
16 x_1_2 25
16 hz_1_2 26
16 x_1_2 27
16 y_1_2 28
16 x_1_2 29
16 x_1_2 31
16 y_1_2 32
16 y_1_2 33
16 x_1_2 34
16 x_1_2 35
16 y_1_2 36
16 hz_1_2 37
16 x_1_2 38
16 y_1_2 39
16 y_1_2 40
16 hz_1_2 41
16 hz_1_2 43
16 y_1_2 44
16 hz_1_2 45
16 hz_1_2 46
16 hz_1_2 47
16 x_1_2 48
16 hz_1_2 49
16 x_1_2 50
16 x_1_2 51
16 hz_1_2 52
16 hz_1_2 53
16 x_1_2 55
16 y_1_2 56
16 y_1_2 57
16 hz_1_2 58
16 hz_1_2 59
16 x_1_2 61
16 x_1_2 62
16 x_1_2 63
16 x_1_2 64
17 fsimplus(1.600311040878296, -0.12419997155666351, -1.4836472272872925, -0.09175607562065125, -111.63533855467217) 3 10
17 fsimplus(1.6215472221374512, -0.1396775096654892, 1.4284284114837646, 1.3345654010772705, -522.7885784474813) 4 11
17 fsimplus(1.6060925722122192, -0.12337405979633331, -1.401180624961853, 0.75766521692276, 299.73071727342796) 8 14
17 fsimplus(1.5806424617767334, -0.15211080014705658, 0.8753284811973572, -2.5258655548095703, 250.85604019286043) 9 15
17 fsimplus(1.5282790660858154, -0.14381331205368042, -0.3881719708442688, -3.0333142280578613, 96.37708632703756) 12 19
17 fsimplus(1.5015573501586914, -0.14111976325511932, 1.4534162282943726, -1.4750994443893433, -55.685361023893506) 13 20
17 fsimplus(1.6167263984680176, -0.15693305432796478, -0.8310115933418274, 0.9915308356285095, 77.3271979068239) 16 23
17 fsimplus(1.6095796823501587, -0.13978342711925507, -1.2597733736038208, -0.40658050775527954, -96.13072212407504) 21 27
17 fsimplus(1.5381345748901367, -0.14592130482196808, -0.0989154726266861, -1.0227842330932617, -436.7665189483307) 22 28
17 fsimplus(1.5994360446929932, -0.1361493021249771, 1.2483417987823486, -2.0495402812957764, -123.17837893730203) 25 32
17 fsimplus(1.5448917150497437, -0.1323370337486267, -0.8607275485992432, -2.234393835067749, 203.19389656558383) 26 33
17 fsimplus(1.5413964986801147, -0.11502473056316376, 1.1784230470657349, 2.2765347957611084, 151.09573867547496) 34 40
17 fsimplus(1.6120455265045166, -0.13017092645168304, -0.7868511080741882, 1.891609787940979, -406.9471176248332) 35 41
17 fsimplus(1.5358302593231201, -0.1438470333814621, -0.4022025465965271, -1.6827073097229004, 298.6781273602796) 36 43
17 fsimplus(1.6129465103149414, -0.15393845736980438, 0.488312304019928, -0.7346457839012146, 379.2124504596103) 37 44
17 fsimplus(1.6236952543258667, -0.1468815952539444, -1.5521750450134277, -2.015568733215332, -267.2684644910755) 38 45
17 fsimplus(1.6191695928573608, -0.1272864192724228, -0.39417481422424316, 1.1543866395950317, 294.3386720899654) 39 46
17 fsimplus(1.5916013717651367, -0.1265886425971985, 0.7200601696968079, 1.1882858276367188, 143.0270357221924) 47 53
17 fsimplus(1.5241869688034058, -0.20875729620456696, 0.2938883602619171, 0.6789677143096924, -363.91013412215017) 48 55
17 fsimplus(1.5359559059143066, -0.1340981274843216, -0.28427284955978394, -1.7961530685424805, 66.0829887772504) 49 56
17 fsimplus(1.5397664308547974, -0.13798993825912476, 0.9442697167396545, 2.271878480911255, -186.11314388343263) 50 57
17 fsimplus(1.6030642986297607, -0.1470065861940384, 1.1379460096359253, -1.6871254444122314, -123.44762495763042) 51 58
17 fsimplus(1.6085096597671509, -0.14888769388198853, -0.10912202298641205, 1.500234842300415, 285.0999850181533) 52 59
18 y_1_2 1
18 hz_1_2 2
18 hz_1_2 3
18 hz_1_2 4
18 hz_1_2 7
18 hz_1_2 8
18 y_1_2 9
18 hz_1_2 10
18 x_1_2 11
18 hz_1_2 12
18 x_1_2 13
18 x_1_2 14
18 x_1_2 15
18 hz_1_2 16
18 hz_1_2 17
18 hz_1_2 19
18 hz_1_2 20
18 hz_1_2 21
18 y_1_2 22
18 y_1_2 23
18 hz_1_2 25
18 y_1_2 26
18 hz_1_2 27
18 hz_1_2 28
18 hz_1_2 29
18 y_1_2 31
18 x_1_2 32
18 x_1_2 33
18 y_1_2 34
18 hz_1_2 35
18 x_1_2 36
18 y_1_2 37
18 hz_1_2 38
18 hz_1_2 39
18 hz_1_2 40
18 x_1_2 41
18 y_1_2 43
18 hz_1_2 44
18 y_1_2 45
18 x_1_2 46
18 y_1_2 47
18 hz_1_2 48
18 y_1_2 49
18 hz_1_2 50
18 y_1_2 51
18 y_1_2 52
18 x_1_2 53
18 hz_1_2 55
18 hz_1_2 56
18 x_1_2 57
18 x_1_2 58
18 x_1_2 59
18 y_1_2 61
18 y_1_2 62
18 hz_1_2 63
18 y_1_2 64
19 fsimplus(1.508231520652771, -0.14411550760269165, -0.8398980498313904, 1.2348335981369019, 68.56477748042046) 1 8
19 fsimplus(1.536507487297058, -0.14455725252628326, 0.19119000434875488, -1.6278109550476074, -434.98521185719534) 2 9
19 fsimplus(1.553171157836914, -0.15091893076896667, 0.6291438341140747, -0.8855160474777222, -98.2920666510891) 7 13
19 fsimplus(1.5447182655334473, -0.14592647552490234, 1.460141658782959, -0.13674509525299072, -372.5505605297723) 10 16
19 fsimplus(1.5283665657043457, -0.11888892948627472, -0.7553731799125671, -0.8286629319190979, 289.6509920477717) 11 17
19 fsimplus(1.51483154296875, -0.1400664746761322, 0.23159462213516235, 2.1888720989227295, -315.60847441448055) 14 21
19 fsimplus(1.532601237297058, -0.13746438920497894, 0.7502246499061584, 0.5731300711631775, -161.62562211042138) 15 22
19 fsimplus(1.5090237855911255, -0.1623980849981308, -1.510617971420288, 1.8405476808547974, -64.8504411892779) 19 25
19 fsimplus(1.5275741815567017, -0.125349223613739, 0.6603471040725708, 0.4353642761707306, -667.1378149637264) 20 26
19 fsimplus(1.5331789255142212, -0.14154872298240662, 1.3883168697357178, 0.6221066117286682, 385.9468032651188) 23 29
19 fsimplus(1.534623384475708, -0.12846553325653076, -0.7768941521644592, 1.641015648841858, -478.12098096192295) 27 34
19 fsimplus(1.6025071144104004, -0.14094053208827972, -0.09164398163557053, 1.941541075706482, 314.2792843715915) 28 35
19 fsimplus(1.6001439094543457, -0.15485748648643494, -0.1333259642124176, -0.19928979873657227, -384.16369774062) 31 37
19 fsimplus(1.5230696201324463, -0.13302358984947205, -0.2830870449542999, -2.398369312286377, 213.97893613975143) 32 38
19 fsimplus(1.597196102142334, -0.14054419100284576, -1.0669587850570679, -0.07799580693244934, -389.7398742112879) 33 39
19 fsimplus(1.5530760288238525, -0.11834309995174408, -0.9747694134712219, -3.494321584701538, -487.4412089904377) 40 47
19 fsimplus(1.5406194925308228, -0.13480401039123535, -0.5722049474716187, -0.3444143533706665, -385.3300749401274) 43 49
19 fsimplus(1.5847784280776978, -0.16219915449619293, 0.6903707385063171, -1.7470723390579224, -157.37947654225727) 44 50
19 fsimplus(1.5336220264434814, -0.14085620641708374, -0.5170878767967224, -1.5452650785446167, 209.94136566127221) 45 51
19 fsimplus(1.6115257740020752, -0.11984996497631073, -0.9303760528564453, -0.40642449259757996, -224.2560741280075) 46 52
19 fsimplus(1.5518465042114258, -0.13150422275066376, -0.7843353748321533, -2.552105188369751, 607.1570937844622) 55 61
19 fsimplus(1.5914655923843384, -0.11815202236175537, 0.0834135040640831, -1.0118848085403442, 196.95374201942522) 56 62
19 fsimplus(1.608649492263794, -0.11975647509098053, 0.0055139572359621525, 1.766855001449585, 187.37285366356465) 57 63
19 fsimplus(1.5386476516723633, -0.12157969921827316, -0.8024630546569824, -1.6492602825164795, 220.9513370459122) 58 64
20 hz_1_2 1
20 y_1_2 2
20 y_1_2 3
20 x_1_2 4
20 x_1_2 7
20 y_1_2 8
20 x_1_2 9
20 y_1_2 10
20 hz_1_2 11
20 y_1_2 12
20 hz_1_2 13
20 hz_1_2 14
20 y_1_2 15
20 y_1_2 16
20 x_1_2 17
20 x_1_2 19
20 y_1_2 20
20 x_1_2 21
20 hz_1_2 22
20 x_1_2 23
20 x_1_2 25
20 x_1_2 26
20 x_1_2 27
20 x_1_2 28
20 y_1_2 29
20 x_1_2 31
20 hz_1_2 32
20 hz_1_2 33
20 hz_1_2 34
20 x_1_2 35
20 y_1_2 36
20 hz_1_2 37
20 x_1_2 38
20 x_1_2 39
20 x_1_2 40
20 y_1_2 41
20 x_1_2 43
20 y_1_2 44
20 x_1_2 45
20 y_1_2 46
20 hz_1_2 47
20 x_1_2 48
20 hz_1_2 49
20 y_1_2 50
20 x_1_2 51
20 x_1_2 52
20 y_1_2 53
20 y_1_2 55
20 y_1_2 56
20 y_1_2 57
20 y_1_2 58
20 y_1_2 59
20 x_1_2 61
20 hz_1_2 62
20 x_1_2 63
20 x_1_2 64
21 fsimplus(1.5979554653167725, -0.10773517191410065, 1.4501397609710693, 3.719292402267456, -337.1149477398773) 3 9
21 fsimplus(1.6206047534942627, -0.1272132694721222, -0.9637511372566223, -0.9392303228378296, -387.28855392107533) 4 10
21 fsimplus(1.5413240194320679, -0.1283116191625595, 0.8466215133666992, 0.6190890073776245, -348.0571508744588) 7 12
21 fsimplus(1.6063297986984253, -0.11263466626405716, 0.40882909297943115, 0.8336535692214966, 273.76898070799393) 8 13
21 fsimplus(1.5983155965805054, -0.158058762550354, -0.4594337046146393, 0.4942000210285187, -165.4451997708015) 14 20
21 fsimplus(1.59918212890625, -0.12558265030384064, -0.4692456126213074, -1.0348939895629883, -234.4196848598127) 15 21
21 fsimplus(1.5381124019622803, -0.129357248544693, -0.18845537304878235, -1.3278207778930664, 353.27151103316845) 16 22
21 fsimplus(1.5323961973190308, -0.14528799057006836, 1.5222502946853638, -0.08053646981716156, -282.64757688195124) 23 28
21 fsimplus(1.6076531410217285, -0.14802110195159912, -0.053584180772304535, -1.5703483819961548, -207.95618602385449) 25 31
21 fsimplus(1.5436575412750244, -0.15254975855350494, 0.6418281197547913, -0.5436755418777466, 457.6542389876315) 26 32
21 fsimplus(1.598997950553894, -0.13433457911014557, 1.3404016494750977, 0.9307005405426025, -182.43667886548735) 27 33
21 fsimplus(1.5955685377120972, -0.13304831087589264, -0.44950228929519653, -2.0927577018737793, -88.59974804670166) 34 39
21 fsimplus(1.5310243368148804, -0.15074193477630615, 0.36913245916366577, 0.9948738217353821, -326.2835628169567) 35 40
21 fsimplus(1.5274745225906372, -0.1400471180677414, 1.2695279121398926, 0.0011498271487653255, 572.2600230303071) 37 43
21 fsimplus(1.531766653060913, -0.15104913711547852, 1.444717288017273, -0.46212872862815857, -259.56413321735647) 38 44
21 fsimplus(1.5244033336639404, -0.12593550980091095, -0.7218642830848694, 2.821868658065796, -99.64575356411873) 45 50
21 fsimplus(1.605748176574707, -0.1509491205215454, -1.514675259590149, -0.2703818082809448, 414.24590230947126) 46 51
21 fsimplus(1.531211256980896, -0.12840406596660614, -0.6747065782546997, -1.5842417478561401, 378.10045682724217) 47 52
21 fsimplus(1.5358898639678955, -0.13996633887290955, 0.7505143284797668, 0.7865577936172485, -171.8025222710834) 49 55
21 fsimplus(1.6150641441345215, -0.1307845413684845, 0.2545004189014435, 2.9044272899627686, 425.31786508516507) 56 61
21 fsimplus(1.5325641632080078, -0.12452762573957443, -0.5045234560966492, -1.5445146560668945, 371.480261072686) 57 62
21 fsimplus(1.5275187492370605, -0.1414560079574585, 0.0701705813407898, 1.5085934400558472, -199.35434391499095) 58 63
21 fsimplus(1.6067646741867065, -0.12805402278900146, -1.052878737449646, 0.5938245058059692, 395.5011437967785) 59 64
22 y_1_2 1
22 hz_1_2 2
22 hz_1_2 3
22 y_1_2 4
22 hz_1_2 7
22 x_1_2 8
22 y_1_2 9
22 hz_1_2 10
22 x_1_2 11
22 x_1_2 12
22 y_1_2 13
22 y_1_2 14
22 x_1_2 15
22 hz_1_2 16
22 y_1_2 17
22 y_1_2 19
22 x_1_2 20
22 hz_1_2 21
22 y_1_2 22
22 y_1_2 23
22 hz_1_2 25
22 y_1_2 26
22 y_1_2 27
22 y_1_2 28
22 x_1_2 29
22 hz_1_2 31
22 y_1_2 32
22 y_1_2 33
22 y_1_2 34
22 hz_1_2 35
22 x_1_2 36
22 y_1_2 37
22 y_1_2 38
22 hz_1_2 39
22 hz_1_2 40
22 x_1_2 41
22 hz_1_2 43
22 x_1_2 44
22 hz_1_2 45
22 x_1_2 46
22 x_1_2 47
22 hz_1_2 48
22 y_1_2 49
22 x_1_2 50
22 y_1_2 51
22 y_1_2 52
22 hz_1_2 53
22 x_1_2 55
22 hz_1_2 56
22 x_1_2 57
22 hz_1_2 58
22 x_1_2 59
22 y_1_2 61
22 y_1_2 62
22 hz_1_2 63
22 y_1_2 64
23 fsimplus(1.5446350574493408, -0.13468104600906372, -0.6687090992927551, -0.795185387134552, 502.7535361932157) 1 7
23 fsimplus(1.5307981967926025, -0.13552452623844147, 1.5385503768920898, -0.1771245002746582, -467.2066646314845) 2 8
23 fsimplus(1.617964506149292, -0.12122070789337158, 0.6821352243423462, -0.6313515901565552, 470.03933635374887) 9 14
23 fsimplus(1.632840633392334, -0.1428118646144867, 0.6131274700164795, 0.17972370982170105, 122.24411819475019) 10 15
23 fsimplus(1.5432918071746826, -0.11193565279245377, 0.8540021777153015, -0.0955786183476448, -173.0757063895819) 11 16
23 fsimplus(1.5604987144470215, -0.1448139250278473, -0.7449406385421753, 0.565971314907074, -132.26027189234134) 13 19
23 fsimplus(1.5242356061935425, -0.14853712916374207, -0.8374187350273132, 2.2156941890716553, -417.5812990907845) 17 23
23 fsimplus(1.5479425191879272, -0.09543639421463013, 0.38279932737350464, -0.35853591561317444, -145.71247601917034) 20 25
23 fsimplus(1.6059616804122925, -0.1287727802991867, -1.3430296182632446, -0.7409613132476807, -611.2901966168539) 21 26
23 fsimplus(1.5293766260147095, -0.14510102570056915, 0.6160158514976501, 0.7413054704666138, -196.17128931703067) 22 27
23 fsimplus(1.5485318899154663, -0.134323388338089, 0.973257303237915, 0.460052490234375, -185.62290584561953) 28 34
23 fsimplus(1.6048939228057861, -0.13388706743717194, -0.29760903120040894, -1.6896480321884155, -399.3728237983236) 29 35
23 fsimplus(1.5176513195037842, -0.13378562033176422, -0.5584571361541748, 1.9715285301208496, -247.0824770480252) 31 36
23 fsimplus(1.5248841047286987, -0.11243146657943726, 1.43203866481781, 1.06298828125, -531.6895733775252) 32 37
23 fsimplus(1.6163146495819092, -0.1473688781261444, 1.085403323173523, 2.295940637588501, 493.03891862692694) 33 38
23 fsimplus(1.6081222295761108, -0.11798654496669769, -1.2561837434768677, 1.0439376831054688, 602.8098410207767) 39 45
23 fsimplus(1.5173612833023071, -0.13742820918560028, -0.46315112709999084, -2.284120559692383, 94.77867998912328) 40 46
23 fsimplus(1.6117135286331177, -0.12957586348056793, 0.2832072675228119, 1.8054405450820923, -397.2284999245034) 41 47
23 fsimplus(1.5955312252044678, -0.1527898609638214, 0.8986088633537292, 0.08721911907196045, -169.7946914002975) 43 48
23 fsimplus(1.5399425029754639, -0.155563086271286, 0.28087669610977173, 0.691842257976532, -356.0507973868396) 44 49
23 fsimplus(1.630867600440979, -0.1396857649087906, -0.01795892044901848, 1.9695262908935547, -83.89548924201976) 50 56
23 fsimplus(1.6132863759994507, -0.13656151294708252, -1.5900704860687256, 0.08506719768047333, -613.4000642617302) 51 57
23 fsimplus(1.5439438819885254, -0.13192331790924072, -0.459609717130661, -1.8153867721557617, 559.7967205349219) 52 58
23 fsimplus(1.6094332933425903, -0.12019175291061401, 0.2479204535484314, 0.6788816452026367, 607.9531517722409) 53 59
24 x_1_2 1
24 y_1_2 2
24 x_1_2 3
24 hz_1_2 4
24 y_1_2 7
24 hz_1_2 8
24 hz_1_2 9
24 y_1_2 10
24 y_1_2 11
24 hz_1_2 12
24 hz_1_2 13
24 x_1_2 14
24 y_1_2 15
24 y_1_2 16
24 hz_1_2 17
24 hz_1_2 19
24 y_1_2 20
24 y_1_2 21
24 hz_1_2 22
24 hz_1_2 23
24 y_1_2 25
24 x_1_2 26
24 x_1_2 27
24 hz_1_2 28
24 y_1_2 29
24 x_1_2 31
24 x_1_2 32
24 x_1_2 33
24 hz_1_2 34
24 y_1_2 35
24 y_1_2 36
24 hz_1_2 37
24 x_1_2 38
24 y_1_2 39
24 y_1_2 40
24 y_1_2 41
24 x_1_2 43
24 y_1_2 44
24 x_1_2 45
24 y_1_2 46
24 hz_1_2 47
24 x_1_2 48
24 hz_1_2 49
24 hz_1_2 50
24 hz_1_2 51
24 x_1_2 52
24 x_1_2 53
24 hz_1_2 55
24 x_1_2 56
24 hz_1_2 57
24 x_1_2 58
24 y_1_2 59
24 x_1_2 61
24 hz_1_2 62
24 x_1_2 63
24 hz_1_2 64
25 fsimplus(1.5979554653167725, -0.10773517191410065, 1.4501397609710693, 3.719292402267456, -402.0083193396308) 3 9
25 fsimplus(1.6206047534942627, -0.1272132694721222, -0.9637511372566223, -0.9392303228378296, -461.38959037578627) 4 10
25 fsimplus(1.5413240194320679, -0.1283116191625595, 0.8466215133666992, 0.6190890073776245, -415.3123084966732) 7 12
25 fsimplus(1.6063297986984253, -0.11263466626405716, 0.40882909297943115, 0.8336535692214966, 326.0579697291824) 8 13
25 fsimplus(1.5983155965805054, -0.158058762550354, -0.4594337046146393, 0.4942000210285187, -196.9618406400943) 14 20
25 fsimplus(1.59918212890625, -0.12558265030384064, -0.4692456126213074, -1.0348939895629883, -279.1894659899272) 15 21
25 fsimplus(1.5381124019622803, -0.129357248544693, -0.18845537304878235, -1.3278207778930664, 420.56224214050377) 16 22
25 fsimplus(1.5323961973190308, -0.14528799057006836, 1.5222502946853638, -0.08053646981716156, -336.66793109134437) 23 28
25 fsimplus(1.6076531410217285, -0.14802110195159912, -0.053584180772304535, -1.5703483819961548, -248.0680410248889) 25 31
25 fsimplus(1.5436575412750244, -0.15254975855350494, 0.6418281197547913, -0.5436755418777466, 545.7572925755037) 26 32
25 fsimplus(1.598997950553894, -0.13433457911014557, 1.3404016494750977, 0.9307005405426025, -217.39477936750885) 27 33
25 fsimplus(1.5955685377120972, -0.13304831087589264, -0.44950228929519653, -2.0927577018737793, -105.12968304520795) 34 39
25 fsimplus(1.5310243368148804, -0.15074193477630615, 0.36913245916366577, 0.9948738217353821, -388.4337419558395) 35 40
25 fsimplus(1.5274745225906372, -0.1400471180677414, 1.2695279121398926, 0.0011498271487653255, 681.409377279202) 37 43
25 fsimplus(1.531766653060913, -0.15104913711547852, 1.444717288017273, -0.46212872862815857, -308.7428260807048) 38 44
25 fsimplus(1.5244033336639404, -0.12593550980091095, -0.7218642830848694, 2.821868658065796, -118.58184975724707) 45 50
25 fsimplus(1.605748176574707, -0.1509491205215454, -1.514675259590149, -0.2703818082809448, 493.6697590017595) 46 51
25 fsimplus(1.531211256980896, -0.12840406596660614, -0.6747065782546997, -1.5842417478561401, 450.2680560287833) 47 52
25 fsimplus(1.5358898639678955, -0.13996633887290955, 0.7505143284797668, 0.7865577936172485, -204.79747982617428) 49 55
25 fsimplus(1.6150641441345215, -0.1307845413684845, 0.2545004189014435, 2.9044272899627686, 506.2578123701324) 56 61
25 fsimplus(1.5325641632080078, -0.12452762573957443, -0.5045234560966492, -1.5445146560668945, 443.1553325369344) 57 62
25 fsimplus(1.5275187492370605, -0.1414560079574585, 0.0701705813407898, 1.5085934400558472, -237.6944926622197) 58 63
25 fsimplus(1.6067646741867065, -0.12805402278900146, -1.052878737449646, 0.5938245058059692, 471.39369030113556) 59 64
26 hz_1_2 1
26 hz_1_2 2
26 y_1_2 3
26 y_1_2 4
26 x_1_2 7
26 x_1_2 8
26 y_1_2 9
26 hz_1_2 10
26 x_1_2 11
26 x_1_2 12
26 y_1_2 13
26 y_1_2 14
26 hz_1_2 15
26 x_1_2 16
26 y_1_2 17
26 x_1_2 19
26 x_1_2 20
26 hz_1_2 21
26 x_1_2 22
26 y_1_2 23
26 x_1_2 25
26 y_1_2 26
26 hz_1_2 27
26 y_1_2 28
26 hz_1_2 29
26 y_1_2 31
26 hz_1_2 32
26 y_1_2 33
26 x_1_2 34
26 x_1_2 35
26 x_1_2 36
26 x_1_2 37
26 y_1_2 38
26 hz_1_2 39
26 hz_1_2 40
26 x_1_2 41
26 y_1_2 43
26 hz_1_2 44
26 y_1_2 45
26 x_1_2 46
26 x_1_2 47
26 hz_1_2 48
26 x_1_2 49
26 x_1_2 50
26 y_1_2 51
26 hz_1_2 52
26 hz_1_2 53
26 y_1_2 55
26 y_1_2 56
26 x_1_2 57
26 y_1_2 58
26 x_1_2 59
26 hz_1_2 61
26 x_1_2 62
26 y_1_2 63
26 y_1_2 64
27 fsimplus(1.5446350574493408, -0.13468104600906372, -0.6687090992927551, -0.795185387134552, 590.6262789702018) 1 7
27 fsimplus(1.5307981967926025, -0.13552452623844147, 1.5385503768920898, -0.1771245002746582, -548.4381677996594) 2 8
27 fsimplus(1.617964506149292, -0.12122070789337158, 0.6821352243423462, -0.6313515901565552, 552.412124941473) 9 14
27 fsimplus(1.632840633392334, -0.1428118646144867, 0.6131274700164795, 0.17972370982170105, 143.73270362954437) 10 15
27 fsimplus(1.5432918071746826, -0.11193565279245377, 0.8540021777153015, -0.0955786183476448, -203.15950595611773) 11 16
27 fsimplus(1.5604987144470215, -0.1448139250278473, -0.7449406385421753, 0.565971314907074, -155.89793591279096) 13 19
27 fsimplus(1.5242356061935425, -0.14853712916374207, -0.8374187350273132, 2.2156941890716553, -490.9991045889979) 17 23
27 fsimplus(1.5479425191879272, -0.09543639421463013, 0.38279932737350464, -0.35853591561317444, -170.78224786845686) 20 25
27 fsimplus(1.6059616804122925, -0.1287727802991867, -1.3430296182632446, -0.7409613132476807, -717.656384076237) 21 26
27 fsimplus(1.5293766260147095, -0.14510102570056915, 0.6160158514976501, 0.7413054704666138, -230.65263177103992) 22 27
27 fsimplus(1.5485318899154663, -0.134323388338089, 0.973257303237915, 0.460052490234375, -217.89905895909192) 28 34
27 fsimplus(1.6048939228057861, -0.13388706743717194, -0.29760903120040894, -1.6896480321884155, -469.0480786196405) 29 35
27 fsimplus(1.5176513195037842, -0.13378562033176422, -0.5584571361541748, 1.9715285301208496, -290.3809094945818) 31 36
27 fsimplus(1.5248841047286987, -0.11243146657943726, 1.43203866481781, 1.06298828125, -624.8062879456867) 32 37
27 fsimplus(1.6163146495819092, -0.1473688781261444, 1.085403323173523, 2.295940637588501, 578.7479133398573) 33 38
27 fsimplus(1.6081222295761108, -0.11798654496669769, -1.2561837434768677, 1.0439376831054688, 707.9701973556486) 39 45
27 fsimplus(1.5173612833023071, -0.13742820918560028, -0.46315112709999084, -2.284120559692383, 111.45310934987327) 40 46
27 fsimplus(1.6117135286331177, -0.12957586348056793, 0.2832072675228119, 1.8054405450820923, -466.6672094066141) 41 47
27 fsimplus(1.5955312252044678, -0.1527898609638214, 0.8986088633537292, 0.08721911907196045, -199.090373239773) 43 48
27 fsimplus(1.5399425029754639, -0.155563086271286, 0.28087669610977173, 0.691842257976532, -418.56808022269183) 44 49
27 fsimplus(1.630867600440979, -0.1396857649087906, -0.01795892044901848, 1.9695262908935547, -98.39260127119364) 50 56
27 fsimplus(1.6132863759994507, -0.13656151294708252, -1.5900704860687256, 0.08506719768047333, -720.7799126785793) 51 57
27 fsimplus(1.5439438819885254, -0.13192331790924072, -0.459609717130661, -1.8153867721557617, 657.5724614430434) 52 58
27 fsimplus(1.6094332933425903, -0.12019175291061401, 0.2479204535484314, 0.6788816452026367, 714.2555270005823) 53 59
28 x_1_2 1
28 x_1_2 2
28 hz_1_2 3
28 x_1_2 4
28 y_1_2 7
28 hz_1_2 8
28 hz_1_2 9
28 y_1_2 10
28 y_1_2 11
28 y_1_2 12
28 hz_1_2 13
28 hz_1_2 14
28 y_1_2 15
28 y_1_2 16
28 hz_1_2 17
28 y_1_2 19
28 y_1_2 20
28 y_1_2 21
28 y_1_2 22
28 hz_1_2 23
28 hz_1_2 25
28 hz_1_2 26
28 y_1_2 27
28 hz_1_2 28
28 x_1_2 29
28 hz_1_2 31
28 y_1_2 32
28 hz_1_2 33
28 hz_1_2 34
28 y_1_2 35
28 hz_1_2 36
28 hz_1_2 37
28 hz_1_2 38
28 x_1_2 39
28 y_1_2 40
28 hz_1_2 41
28 x_1_2 43
28 y_1_2 44
28 x_1_2 45
28 hz_1_2 46
28 y_1_2 47
28 x_1_2 48
28 hz_1_2 49
28 hz_1_2 50
28 x_1_2 51
28 x_1_2 52
28 x_1_2 53
28 hz_1_2 55
28 x_1_2 56
28 hz_1_2 57
28 hz_1_2 58
28 y_1_2 59
28 x_1_2 61
28 y_1_2 62
28 x_1_2 63
28 x_1_2 64
29 fsimplus(1.600311040878296, -0.12419997155666351, -1.4836472272872925, -0.09175607562065125, -190.27731204822027) 3 10
29 fsimplus(1.6215472221374512, -0.1396775096654892, 1.4284284114837646, 1.3345654010772705, -893.362707269518) 4 11
29 fsimplus(1.6060925722122192, -0.12337405979633331, -1.401180624961853, 0.75766521692276, 512.4674930357141) 8 14
29 fsimplus(1.5806424617767334, -0.15211080014705658, 0.8753284811973572, -2.5258655548095703, 431.35993780295547) 9 15
29 fsimplus(1.5282790660858154, -0.14381331205368042, -0.3881719708442688, -3.0333142280578613, 162.76491103882964) 12 19
29 fsimplus(1.5015573501586914, -0.14111976325511932, 1.4534162282943726, -1.4750994443893433, -94.36547493305102) 13 20
29 fsimplus(1.6167263984680176, -0.15693305432796478, -0.8310115933418274, 0.9915308356285095, 131.94606683495246) 16 23
29 fsimplus(1.6095796823501587, -0.13978342711925507, -1.2597733736038208, -0.40658050775527954, -166.3813872356467) 21 27
29 fsimplus(1.5381345748901367, -0.14592130482196808, -0.0989154726266861, -1.0227842330932617, -746.0809059703877) 22 28
29 fsimplus(1.5994360446929932, -0.1361493021249771, 1.2483417987823486, -2.0495402812957764, -209.13235393951868) 25 32
29 fsimplus(1.5448917150497437, -0.1323370337486267, -0.8607275485992432, -2.234393835067749, 347.16749232609675) 26 33
29 fsimplus(1.5413964986801147, -0.11502473056316376, 1.1784230470657349, 2.2765347957611084, 260.21795438932907) 34 40
29 fsimplus(1.6120455265045166, -0.13017092645168304, -0.7868511080741882, 1.891609787940979, -695.5346318780356) 35 41
29 fsimplus(1.5358302593231201, -0.1438470333814621, -0.4022025465965271, -1.6827073097229004, 511.0529337430365) 36 43
29 fsimplus(1.6129465103149414, -0.15393845736980438, 0.488312304019928, -0.7346457839012146, 647.8179347097372) 37 44
29 fsimplus(1.6236952543258667, -0.1468815952539444, -1.5521750450134277, -2.015568733215332, -456.32870211515115) 38 45
29 fsimplus(1.6191695928573608, -0.1272864192724228, -0.39417481422424316, 1.1543866395950317, 503.07398088158845) 39 46
29 fsimplus(1.5916013717651367, -0.1265886425971985, 0.7200601696968079, 1.1882858276367188, 244.86365498849867) 47 53
29 fsimplus(1.5241869688034058, -0.20875729620456696, 0.2938883602619171, 0.6789677143096924, -621.4023882731105) 48 55
29 fsimplus(1.5359559059143066, -0.1340981274843216, -0.28427284955978394, -1.7961530685424805, 111.81105358386968) 49 56
29 fsimplus(1.5397664308547974, -0.13798993825912476, 0.9442697167396545, 2.271878480911255, -319.9185906907233) 50 57
29 fsimplus(1.6030642986297607, -0.1470065861940384, 1.1379460096359253, -1.6871254444122314, -212.36556807064352) 51 58
29 fsimplus(1.6085096597671509, -0.14888769388198853, -0.10912202298641205, 1.500234842300415, 489.3409323648604) 52 59
30 hz_1_2 1
30 y_1_2 2
30 x_1_2 3
30 y_1_2 4
30 hz_1_2 7
30 y_1_2 8
30 y_1_2 9
30 x_1_2 10
30 hz_1_2 11
30 hz_1_2 12
30 x_1_2 13
30 y_1_2 14
30 hz_1_2 15
30 hz_1_2 16
30 x_1_2 17
30 hz_1_2 19
30 hz_1_2 20
30 x_1_2 21
30 hz_1_2 22
30 x_1_2 23
30 y_1_2 25
30 x_1_2 26
30 hz_1_2 27
30 x_1_2 28
30 y_1_2 29
30 x_1_2 31
30 x_1_2 32
30 x_1_2 33
30 x_1_2 34
30 x_1_2 35
30 x_1_2 36
30 x_1_2 37
30 y_1_2 38
30 y_1_2 39
30 hz_1_2 40
30 y_1_2 41
30 y_1_2 43
30 hz_1_2 44
30 y_1_2 45
30 y_1_2 46
30 hz_1_2 47
30 hz_1_2 48
30 y_1_2 49
30 y_1_2 50
30 y_1_2 51
30 hz_1_2 52
30 hz_1_2 53
30 y_1_2 55
30 hz_1_2 56
30 y_1_2 57
30 x_1_2 58
30 hz_1_2 59
30 hz_1_2 61
30 hz_1_2 62
30 hz_1_2 63
30 hz_1_2 64
31 fsimplus(1.508231520652771, -0.14411550760269165, -0.8398980498313904, 1.2348335981369019, 110.85138265431098) 1 8
31 fsimplus(1.536507487297058, -0.14455725252628326, 0.19119000434875488, -1.6278109550476074, -713.0613113626066) 2 9
31 fsimplus(1.553171157836914, -0.15091893076896667, 0.6291438341140747, -0.8855160474777222, -162.75672274459157) 7 13
31 fsimplus(1.5447182655334473, -0.14592647552490234, 1.460141658782959, -0.13674509525299072, -611.0729786872835) 10 16
31 fsimplus(1.5283665657043457, -0.11888892948627472, -0.7553731799125671, -0.8286629319190979, 474.2718787709328) 11 17
31 fsimplus(1.51483154296875, -0.1400664746761322, 0.23159462213516235, 2.1888720989227295, -516.5322859579022) 14 21
31 fsimplus(1.532601237297058, -0.13746438920497894, 0.7502246499061584, 0.5731300711631775, -262.741603250309) 15 22
31 fsimplus(1.5090237855911255, -0.1623980849981308, -1.510617971420288, 1.8405476808547974, -107.82687858494623) 19 25
31 fsimplus(1.5275741815567017, -0.125349223613739, 0.6603471040725708, 0.4353642761707306, -1092.6102662774188) 20 26
31 fsimplus(1.5331789255142212, -0.14154872298240662, 1.3883168697357178, 0.6221066117286682, 631.6557988909752) 23 29
31 fsimplus(1.534623384475708, -0.12846553325653076, -0.7768941521644592, 1.641015648841858, -780.8197999623692) 27 34
31 fsimplus(1.6025071144104004, -0.14094053208827972, -0.09164398163557053, 1.941541075706482, 513.0235781616768) 28 35
31 fsimplus(1.6001439094543457, -0.15485748648643494, -0.1333259642124176, -0.19928979873657227, -629.1322514442174) 31 37
31 fsimplus(1.5230696201324463, -0.13302358984947205, -0.2830870449542999, -2.398369312286377, 350.7703552754391) 32 38
31 fsimplus(1.597196102142334, -0.14054419100284576, -1.0669587850570679, -0.07799580693244934, -637.1541967011884) 33 39
31 fsimplus(1.5530760288238525, -0.11834309995174408, -0.9747694134712219, -3.494321584701538, -797.8943142733239) 40 47
31 fsimplus(1.5406194925308228, -0.13480401039123535, -0.5722049474716187, -0.3444143533706665, -631.7245019442416) 43 49
31 fsimplus(1.5847784280776978, -0.16219915449619293, 0.6903707385063171, -1.7470723390579224, -255.71192415567313) 44 50
31 fsimplus(1.5336220264434814, -0.14085620641708374, -0.5170878767967224, -1.5452650785446167, 341.4671755251441) 45 51
31 fsimplus(1.6115257740020752, -0.11984996497631073, -0.9303760528564453, -0.40642449259757996, -368.2296698885204) 46 52
31 fsimplus(1.5518465042114258, -0.13150422275066376, -0.7843353748321533, -2.552105188369751, 994.6898731112562) 55 61
31 fsimplus(1.5914655923843384, -0.11815202236175537, 0.0834135040640831, -1.0118848085403442, 321.66484569240134) 56 62
31 fsimplus(1.608649492263794, -0.11975647509098053, 0.0055139572359621525, 1.766855001449585, 305.5740095594129) 57 63
31 fsimplus(1.5386476516723633, -0.12157969921827316, -0.8024630546569824, -1.6492602825164795, 359.54270118132627) 58 64
32 y_1_2 1
32 x_1_2 2
32 hz_1_2 3
32 x_1_2 4
32 x_1_2 7
32 hz_1_2 8
32 x_1_2 9
32 y_1_2 10
32 y_1_2 11
32 y_1_2 12
32 hz_1_2 13
32 x_1_2 14
32 x_1_2 15
32 y_1_2 16
32 hz_1_2 17
32 y_1_2 19
32 x_1_2 20
32 hz_1_2 21
32 x_1_2 22
32 y_1_2 23
32 hz_1_2 25
32 y_1_2 26
32 y_1_2 27
32 y_1_2 28
32 hz_1_2 29
32 hz_1_2 31
32 y_1_2 32
32 y_1_2 33
32 hz_1_2 34
32 hz_1_2 35
32 hz_1_2 36
32 hz_1_2 37
32 hz_1_2 38
32 x_1_2 39
32 x_1_2 40
32 hz_1_2 41
32 x_1_2 43
32 y_1_2 44
32 x_1_2 45
32 hz_1_2 46
32 y_1_2 47
32 y_1_2 48
32 hz_1_2 49
32 x_1_2 50
32 x_1_2 51
32 x_1_2 52
32 x_1_2 53
32 hz_1_2 55
32 y_1_2 56
32 hz_1_2 57
32 hz_1_2 58
32 y_1_2 59
32 y_1_2 61
32 y_1_2 62
32 x_1_2 63
32 y_1_2 64
33 fsimplus(1.600311040878296, -0.12419997155666351, -1.4836472272872925, -0.09175607562065125, -216.49130321273628) 3 10
33 fsimplus(1.6215472221374512, -0.1396775096654892, 1.4284284114837646, 1.3345654010772705, -1016.8874168768635) 4 11
33 fsimplus(1.6060925722122192, -0.12337405979633331, -1.401180624961853, 0.75766521692276, 583.379751623143) 8 14
33 fsimplus(1.5806424617767334, -0.15211080014705658, 0.8753284811973572, -2.5258655548095703, 491.5279036729871) 9 15
33 fsimplus(1.5282790660858154, -0.14381331205368042, -0.3881719708442688, -3.0333142280578613, 184.89418594276032) 12 19
33 fsimplus(1.5015573501586914, -0.14111976325511932, 1.4534162282943726, -1.4750994443893433, -107.25884623610354) 13 20
33 fsimplus(1.6167263984680176, -0.15693305432796478, -0.8310115933418274, 0.9915308356285095, 150.15235647766198) 16 23
33 fsimplus(1.6095796823501587, -0.13978342711925507, -1.2597733736038208, -0.40658050775527954, -189.7982756061706) 21 27
33 fsimplus(1.5381345748901367, -0.14592130482196808, -0.0989154726266861, -1.0227842330932617, -849.1857016444064) 22 28
33 fsimplus(1.5994360446929932, -0.1361493021249771, 1.2483417987823486, -2.0495402812957764, -237.78367894025757) 25 32
33 fsimplus(1.5448917150497437, -0.1323370337486267, -0.8607275485992432, -2.234393835067749, 395.1586909129344) 26 33
33 fsimplus(1.5413964986801147, -0.11502473056316376, 1.1784230470657349, 2.2765347957611084, 296.59202629394713) 34 40
33 fsimplus(1.6120455265045166, -0.13017092645168304, -0.7868511080741882, 1.891609787940979, -791.7304699624364) 35 41
33 fsimplus(1.5358302593231201, -0.1438470333814621, -0.4022025465965271, -1.6827073097229004, 581.844535870622) 36 43
33 fsimplus(1.6129465103149414, -0.15393845736980438, 0.488312304019928, -0.7346457839012146, 737.3530961264463) 37 44
33 fsimplus(1.6236952543258667, -0.1468815952539444, -1.5521750450134277, -2.015568733215332, -519.3487813231764) 38 45
33 fsimplus(1.6191695928573608, -0.1272864192724228, -0.39417481422424316, 1.1543866395950317, 572.6524171454628) 39 46
33 fsimplus(1.5916013717651367, -0.1265886425971985, 0.7200601696968079, 1.1882858276367188, 278.8091947439341) 47 53
33 fsimplus(1.5241869688034058, -0.20875729620456696, 0.2938883602619171, 0.6789677143096924, -707.233139656764) 48 55
33 fsimplus(1.5359559059143066, -0.1340981274843216, -0.28427284955978394, -1.7961530685424805, 127.05374185274276) 49 56
33 fsimplus(1.5397664308547974, -0.13798993825912476, 0.9442697167396545, 2.271878480911255, -364.52040629315354) 50 57
33 fsimplus(1.6030642986297607, -0.1470065861940384, 1.1379460096359253, -1.6871254444122314, -242.00488244164788) 51 58
33 fsimplus(1.6085096597671509, -0.14888769388198853, -0.10912202298641205, 1.500234842300415, 557.4212481470962) 52 59
34 hz_1_2 1
34 y_1_2 2
34 y_1_2 3
34 y_1_2 4
34 y_1_2 7
34 x_1_2 8
34 y_1_2 9
34 x_1_2 10
34 hz_1_2 11
34 hz_1_2 12
34 y_1_2 13
34 hz_1_2 14
34 hz_1_2 15
34 x_1_2 16
34 x_1_2 17
34 hz_1_2 19
34 y_1_2 20
34 x_1_2 21
34 hz_1_2 22
34 hz_1_2 23
34 y_1_2 25
34 x_1_2 26
34 hz_1_2 27
34 x_1_2 28
34 x_1_2 29
34 y_1_2 31
34 x_1_2 32
34 hz_1_2 33
34 x_1_2 34
34 x_1_2 35
34 y_1_2 36
34 y_1_2 37
34 y_1_2 38
34 y_1_2 39
34 y_1_2 40
34 x_1_2 41
34 y_1_2 43
34 x_1_2 44
34 y_1_2 45
34 x_1_2 46
34 hz_1_2 47
34 hz_1_2 48
34 x_1_2 49
34 hz_1_2 50
34 y_1_2 51
34 hz_1_2 52
34 y_1_2 53
34 y_1_2 55
34 hz_1_2 56
34 y_1_2 57
34 y_1_2 58
34 hz_1_2 59
34 x_1_2 61
34 x_1_2 62
34 hz_1_2 63
34 x_1_2 64
35 fsimplus(1.508231520652771, -0.14411550760269165, -0.8398980498313904, 1.2348335981369019, 124.94691771227451) 1 8
35 fsimplus(1.536507487297058, -0.14455725252628326, 0.19119000434875488, -1.6278109550476074, -805.7533445310771) 2 9
35 fsimplus(1.553171157836914, -0.15091893076896667, 0.6291438341140747, -0.8855160474777222, -184.24494144242573) 7 13
35 fsimplus(1.5447182655334473, -0.14592647552490234, 1.460141658782959, -0.13674509525299072, -690.580451406454) 10 16
35 fsimplus(1.5283665657043457, -0.11888892948627472, -0.7553731799125671, -0.8286629319190979, 535.8121743453199) 11 17
35 fsimplus(1.51483154296875, -0.1400664746761322, 0.23159462213516235, 2.1888720989227295, -583.5068898057094) 14 21
35 fsimplus(1.532601237297058, -0.13746438920497894, 0.7502246499061584, 0.5731300711631775, -296.44693029693826) 15 22
35 fsimplus(1.5090237855911255, -0.1623980849981308, -1.510617971420288, 1.8405476808547974, -122.15235771683567) 19 25
35 fsimplus(1.5275741815567017, -0.125349223613739, 0.6603471040725708, 0.4353642761707306, -1234.4344167153165) 20 26
35 fsimplus(1.5331789255142212, -0.14154872298240662, 1.3883168697357178, 0.6221066117286682, 713.5587974329275) 23 29
35 fsimplus(1.534623384475708, -0.12846553325653076, -0.7768941521644592, 1.641015648841858, -881.7194062958513) 27 34
35 fsimplus(1.6025071144104004, -0.14094053208827972, -0.09164398163557053, 1.941541075706482, 579.2716760917053) 28 35
35 fsimplus(1.6001439094543457, -0.15485748648643494, -0.1333259642124176, -0.19928979873657227, -710.7884360120834) 31 37
35 fsimplus(1.5230696201324463, -0.13302358984947205, -0.2830870449542999, -2.398369312286377, 396.3674949873351) 32 38
35 fsimplus(1.597196102142334, -0.14054419100284576, -1.0669587850570679, -0.07799580693244934, -719.6256375311553) 33 39
35 fsimplus(1.5530760288238525, -0.11834309995174408, -0.9747694134712219, -3.494321584701538, -901.3786827009526) 40 47
35 fsimplus(1.5406194925308228, -0.13480401039123535, -0.5722049474716187, -0.3444143533706665, -713.8559776122797) 43 49
35 fsimplus(1.5847784280776978, -0.16219915449619293, 0.6903707385063171, -1.7470723390579224, -288.48940669347843) 44 50
35 fsimplus(1.5336220264434814, -0.14085620641708374, -0.5170878767967224, -1.5452650785446167, 385.3091121464348) 45 51
35 fsimplus(1.6115257740020752, -0.11984996497631073, -0.9303760528564453, -0.40642449259757996, -416.2208684753581) 46 52
35 fsimplus(1.5518465042114258, -0.13150422275066376, -0.7843353748321533, -2.552105188369751, 1123.8674662201877) 55 61
35 fsimplus(1.5914655923843384, -0.11815202236175537, 0.0834135040640831, -1.0118848085403442, 363.2352135833935) 56 62
35 fsimplus(1.608649492263794, -0.11975647509098053, 0.0055139572359621525, 1.766855001449585, 344.9743948580291) 57 63
35 fsimplus(1.5386476516723633, -0.12157969921827316, -0.8024630546569824, -1.6492602825164795, 405.73982255979774) 58 64
36 x_1_2 1
36 hz_1_2 2
36 x_1_2 3
36 hz_1_2 4
36 x_1_2 7
36 hz_1_2 8
36 x_1_2 9
36 hz_1_2 10
36 y_1_2 11
36 y_1_2 12
36 hz_1_2 13
36 x_1_2 14
36 x_1_2 15
36 hz_1_2 16
36 hz_1_2 17
36 y_1_2 19
36 hz_1_2 20
36 y_1_2 21
36 x_1_2 22
36 x_1_2 23
36 x_1_2 25
36 y_1_2 26
36 y_1_2 27
36 hz_1_2 28
36 y_1_2 29
36 x_1_2 31
36 hz_1_2 32
36 y_1_2 33
36 hz_1_2 34
36 y_1_2 35
36 hz_1_2 36
36 x_1_2 37
36 x_1_2 38
36 x_1_2 39
36 hz_1_2 40
36 y_1_2 41
36 x_1_2 43
36 hz_1_2 44
36 x_1_2 45
36 y_1_2 46
36 x_1_2 47
36 x_1_2 48
36 y_1_2 49
36 y_1_2 50
36 x_1_2 51
36 y_1_2 52
36 x_1_2 53
36 hz_1_2 55
36 y_1_2 56
36 hz_1_2 57
36 hz_1_2 58
36 x_1_2 59
36 hz_1_2 61
36 hz_1_2 62
36 y_1_2 63
36 hz_1_2 64
37 fsimplus(1.5979554653167725, -0.10773517191410065, 1.4501397609710693, 3.719292402267456, -596.6884341388916) 3 9
37 fsimplus(1.6206047534942627, -0.1272132694721222, -0.9637511372566223, -0.9392303228378296, -683.6926997399194) 4 10
37 fsimplus(1.5413240194320679, -0.1283116191625595, 0.8466215133666992, 0.6190890073776245, -617.0777813633167) 7 12
37 fsimplus(1.6063297986984253, -0.11263466626405716, 0.40882909297943115, 0.8336535692214966, 482.92493679274787) 8 13
37 fsimplus(1.5983155965805054, -0.158058762550354, -0.4594337046146393, 0.4942000210285187, -291.5117632479727) 14 20
37 fsimplus(1.59918212890625, -0.12558265030384064, -0.4692456126213074, -1.0348939895629883, -413.49880938027104) 15 21
37 fsimplus(1.5381124019622803, -0.129357248544693, -0.18845537304878235, -1.3278207778930664, 622.43443546251) 16 22
37 fsimplus(1.5323961973190308, -0.14528799057006836, 1.5222502946853638, -0.08053646981716156, -498.72899371952377) 23 28
37 fsimplus(1.6076531410217285, -0.14802110195159912, -0.053584180772304535, -1.5703483819961548, -368.40360602799234) 25 31
37 fsimplus(1.5436575412750244, -0.15254975855350494, 0.6418281197547913, -0.5436755418777466, 810.06645333912) 26 32
37 fsimplus(1.598997950553894, -0.13433457911014557, 1.3404016494750977, 0.9307005405426025, -322.2690808735735) 27 33
37 fsimplus(1.5955685377120972, -0.13304831087589264, -0.44950228929519653, -2.0927577018737793, -154.71948804072684) 34 39
37 fsimplus(1.5310243368148804, -0.15074193477630615, 0.36913245916366577, 0.9948738217353821, -574.8842793724879) 35 40
37 fsimplus(1.5274745225906372, -0.1400471180677414, 1.2695279121398926, 0.0011498271487653255, 1008.8574400258867) 37 43
37 fsimplus(1.531766653060913, -0.15104913711547852, 1.444717288017273, -0.46212872862815857, -456.2789046707497) 38 44
37 fsimplus(1.5244033336639404, -0.12593550980091095, -0.7218642830848694, 2.821868658065796, -175.39013833663213) 45 50
37 fsimplus(1.605748176574707, -0.1509491205215454, -1.514675259590149, -0.2703818082809448, 731.9413290786243) 46 51
37 fsimplus(1.531211256980896, -0.12840406596660614, -0.6747065782546997, -1.5842417478561401, 666.7708536334068) 47 52
37 fsimplus(1.5358898639678955, -0.13996633887290955, 0.7505143284797668, 0.7865577936172485, -303.78235249144706) 49 55
37 fsimplus(1.6150641441345215, -0.1307845413684845, 0.2545004189014435, 2.9044272899627686, 749.0776542250346) 56 61
37 fsimplus(1.5325641632080078, -0.12452762573957443, -0.5045234560966492, -1.5445146560668945, 658.1805469296797) 57 62
37 fsimplus(1.5275187492370605, -0.1414560079574585, 0.0701705813407898, 1.5085934400558472, -352.714938903906) 58 63
37 fsimplus(1.6067646741867065, -0.12805402278900146, -1.052878737449646, 0.5938245058059692, 699.0713298142073) 59 64
38 y_1_2 1
38 y_1_2 2
38 y_1_2 3
38 y_1_2 4
38 hz_1_2 7
38 x_1_2 8
38 hz_1_2 9
38 y_1_2 10
38 x_1_2 11
38 hz_1_2 12
38 x_1_2 13
38 y_1_2 14
38 hz_1_2 15
38 x_1_2 16
38 y_1_2 17
38 hz_1_2 19
38 x_1_2 20
38 x_1_2 21
38 y_1_2 22
38 y_1_2 23
38 y_1_2 25
38 hz_1_2 26
38 x_1_2 27
38 x_1_2 28
38 hz_1_2 29
38 y_1_2 31
38 x_1_2 32
38 x_1_2 33
38 y_1_2 34
38 hz_1_2 35
38 y_1_2 36
38 y_1_2 37
38 y_1_2 38
38 y_1_2 39
38 y_1_2 40
38 x_1_2 41
38 y_1_2 43
38 x_1_2 44
38 y_1_2 45
38 x_1_2 46
38 y_1_2 47
38 y_1_2 48
38 x_1_2 49
38 x_1_2 50
38 y_1_2 51
38 x_1_2 52
38 hz_1_2 53
38 x_1_2 55
38 hz_1_2 56
38 x_1_2 57
38 x_1_2 58
38 hz_1_2 59
38 y_1_2 61
38 y_1_2 62
38 x_1_2 63
38 y_1_2 64
39 fsimplus(1.5446350574493408, -0.13468104600906372, -0.6687090992927551, -0.795185387134552, 854.2445073011604) 1 7
39 fsimplus(1.5307981967926025, -0.13552452623844147, 1.5385503768920898, -0.1771245002746582, -792.1326773041842) 2 8
39 fsimplus(1.617964506149292, -0.12122070789337158, 0.6821352243423462, -0.6313515901565552, 799.5304907046462) 9 14
39 fsimplus(1.632840633392334, -0.1428118646144867, 0.6131274700164795, 0.17972370982170105, 208.1984599339269) 10 15
39 fsimplus(1.5432918071746826, -0.11193565279245377, 0.8540021777153015, -0.0955786183476448, -293.4109046557253) 11 16
39 fsimplus(1.5604987144470215, -0.1448139250278473, -0.7449406385421753, 0.565971314907074, -226.8109279741398) 13 19
39 fsimplus(1.5242356061935425, -0.14853712916374207, -0.8374187350273132, 2.2156941890716553, -711.2525210836382) 17 23
39 fsimplus(1.5479425191879272, -0.09543639421463013, 0.38279932737350464, -0.35853591561317444, -245.9915634163165) 20 25
39 fsimplus(1.6059616804122925, -0.1287727802991867, -1.3430296182632446, -0.7409613132476807, -1036.7549464543863) 21 26
39 fsimplus(1.5293766260147095, -0.14510102570056915, 0.6160158514976501, 0.7413054704666138, -334.09665913306776) 22 27
39 fsimplus(1.5485318899154663, -0.134323388338089, 0.973257303237915, 0.460052490234375, -314.7275182995091) 28 34
39 fsimplus(1.6048939228057861, -0.13388706743717194, -0.29760903120040894, -1.6896480321884155, -678.0738430835912) 29 35
39 fsimplus(1.5176513195037842, -0.13378562033176422, -0.5584571361541748, 1.9715285301208496, -420.27620683425175) 31 36
39 fsimplus(1.5248841047286987, -0.11243146657943726, 1.43203866481781, 1.06298828125, -904.1564316501709) 32 37
39 fsimplus(1.6163146495819092, -0.1473688781261444, 1.085403323173523, 2.295940637588501, 835.8748974786486) 33 38
39 fsimplus(1.6081222295761108, -0.11798654496669769, -1.2561837434768677, 1.0439376831054688, 1023.4512663602646) 39 45
39 fsimplus(1.5173612833023071, -0.13742820918560028, -0.46315112709999084, -2.284120559692383, 161.47639743212338) 40 46
39 fsimplus(1.6117135286331177, -0.12957586348056793, 0.2832072675228119, 1.8054405450820923, -674.9833378529465) 41 47
39 fsimplus(1.5955312252044678, -0.1527898609638214, 0.8986088633537292, 0.08721911907196045, -286.9774187581996) 43 48
39 fsimplus(1.5399425029754639, -0.155563086271286, 0.28087669610977173, 0.691842257976532, -606.1199287302488) 44 49
39 fsimplus(1.630867600440979, -0.1396857649087906, -0.01795892044901848, 1.9695262908935547, -141.88393735871526) 50 56
39 fsimplus(1.6132863759994507, -0.13656151294708252, -1.5900704860687256, 0.08506719768047333, -1042.9194579291272) 51 57
39 fsimplus(1.5439438819885254, -0.13192331790924072, -0.459609717130661, -1.8153867721557617, 950.8996841674083) 52 58
39 fsimplus(1.6094332933425903, -0.12019175291061401, 0.2479204535484314, 0.6788816452026367, 1033.1626526856066) 53 59
40 x_1_2 1
40 x_1_2 2
40 hz_1_2 3
40 x_1_2 4
40 y_1_2 7
40 y_1_2 8
40 x_1_2 9
40 hz_1_2 10
40 hz_1_2 11
40 y_1_2 12
40 y_1_2 13
40 hz_1_2 14
40 x_1_2 15
40 hz_1_2 16
40 hz_1_2 17
40 y_1_2 19
40 y_1_2 20
40 y_1_2 21
40 x_1_2 22
40 hz_1_2 23
40 x_1_2 25
40 x_1_2 26
40 hz_1_2 27
40 y_1_2 28
40 x_1_2 29
40 x_1_2 31
40 hz_1_2 32
40 hz_1_2 33
40 hz_1_2 34
40 y_1_2 35
40 hz_1_2 36
40 hz_1_2 37
40 hz_1_2 38
40 x_1_2 39
40 x_1_2 40
40 y_1_2 41
40 x_1_2 43
40 hz_1_2 44
40 hz_1_2 45
40 hz_1_2 46
40 hz_1_2 47
40 x_1_2 48
40 hz_1_2 49
40 y_1_2 50
40 hz_1_2 51
40 hz_1_2 52
40 y_1_2 53
40 hz_1_2 55
40 y_1_2 56
40 hz_1_2 57
40 y_1_2 58
40 x_1_2 59
40 x_1_2 61
40 x_1_2 62
40 hz_1_2 63
40 x_1_2 64