56
0 x_1_2 1
0 y_1_2 2
0 y_1_2 3
0 hz_1_2 4
0 y_1_2 7
0 y_1_2 8
0 x_1_2 9
0 y_1_2 10
0 hz_1_2 11
0 x_1_2 12
0 y_1_2 13
0 x_1_2 14
0 y_1_2 15
0 hz_1_2 16
0 y_1_2 17
0 x_1_2 19
0 hz_1_2 20
0 y_1_2 21
0 hz_1_2 22
0 hz_1_2 23
0 y_1_2 25
0 hz_1_2 26
0 y_1_2 27
0 x_1_2 28
0 y_1_2 29
0 y_1_2 31
0 x_1_2 32
0 hz_1_2 33
0 x_1_2 34
0 hz_1_2 35
0 x_1_2 36
0 y_1_2 37
0 y_1_2 38
0 y_1_2 39
0 hz_1_2 40
0 x_1_2 41
0 y_1_2 43
0 y_1_2 44
0 x_1_2 45
0 x_1_2 46
0 x_1_2 47
0 y_1_2 48
0 y_1_2 49
0 y_1_2 50
0 x_1_2 51
0 x_1_2 52
0 x_1_2 53
0 hz_1_2 55
0 y_1_2 56
0 hz_1_2 57
0 y_1_2 58
0 y_1_2 59
0 y_1_2 61
0 hz_1_2 62
0 x_1_2 63
0 hz_1_2 64
1 fsimplus(1.600311040878296, -0.12419997155666351, -1.4836472272872925, -0.09175607562065125, -6.7793738966079315) 3 10
1 fsimplus(1.6215472221374512, -0.1396775096654892, 1.4284284114837646, 1.3345654010772705, -28.68974001809842) 4 11
1 fsimplus(1.6060925722122192, -0.12337405979633331, -1.401180624961853, 0.75766521692276, 16.0816829237126) 8 14
1 fsimplus(1.5806424617767334, -0.15211080014705658, 0.8753284811973572, -2.5258655548095703, 10.184176712733484) 9 15
1 fsimplus(1.5282790660858154, -0.14381331205368042, -0.3881719708442688, -3.0333142280578613, 7.859986711314697) 12 19
1 fsimplus(1.5015573501586914, -0.14111976325511932, 1.4534162282943726, -1.4750994443893433, -4.11187581168342) 13 20
1 fsimplus(1.6167263984680176, -0.15693305432796478, -0.8310115933418274, 0.9915308356285095, 4.502039335985727) 16 23
1 fsimplus(1.6095796823501587, -0.13978342711925507, -1.2597733736038208, -0.40658050775527954, -2.463168641979337) 21 27
1 fsimplus(1.5381345748901367, -0.14592130482196808, -0.0989154726266861, -1.0227842330932617, -24.347336252254397) 22 28
1 fsimplus(1.5994360446929932, -0.1361493021249771, 1.2483417987823486, -2.0495402812957764, -8.573078934346334) 25 32
1 fsimplus(1.5448917150497437, -0.1323370337486267, -0.8607275485992432, -2.234393835067749, 11.229102218233058) 26 33
1 fsimplus(1.5413964986801147, -0.11502473056316376, 1.1784230470657349, 2.2765347957611084, 5.5994510570025895) 34 40
1 fsimplus(1.6120455265045166, -0.13017092645168304, -0.7868511080741882, 1.891609787940979, -22.163765287229626) 35 41
1 fsimplus(1.5358302593231201, -0.1438470333814621, -0.4022025465965271, -1.6827073097229004, 15.511718849936663) 36 43
1 fsimplus(1.6129465103149414, -0.15393845736980438, 0.488312304019928, -0.7346457839012146, 21.071804792773758) 37 44
1 fsimplus(1.6236952543258667, -0.1468815952539444, -1.5521750450134277, -2.015568733215332, -15.188147658974312) 38 45
1 fsimplus(1.6191695928573608, -0.1272864192724228, -0.39417481422424316, 1.1543866395950317, 16.024927034467645) 39 46
1 fsimplus(1.5916013717651367, -0.1265886425971985, 0.7200601696968079, 1.1882858276367188, 7.244876700450556) 47 53
1 fsimplus(1.5241869688034058, -0.20875729620456696, 0.2938883602619171, 0.6789677143096924, -20.58712858753579) 48 55
1 fsimplus(1.5359559059143066, -0.1340981274843216, -0.28427284955978394, -1.7961530685424805, 5.11223570175796) 49 56
1 fsimplus(1.5397664308547974, -0.13798993825912476, 0.9442697167396545, 2.271878480911255, -7.705881473711484) 50 57
1 fsimplus(1.6030642986297607, -0.1470065861940384, 1.1379460096359253, -1.6871254444122314, -4.890367473612816) 51 58
1 fsimplus(1.6085096597671509, -0.14888769388198853, -0.10912202298641205, 1.500234842300415, 12.778721889210097) 52 59
2 hz_1_2 1
2 x_1_2 2
2 hz_1_2 3
2 y_1_2 4
2 x_1_2 7
2 hz_1_2 8
2 y_1_2 9
2 x_1_2 10
2 y_1_2 11
2 hz_1_2 12
2 hz_1_2 13
2 hz_1_2 14
2 x_1_2 15
2 x_1_2 16
2 hz_1_2 17
2 hz_1_2 19
2 x_1_2 20
2 x_1_2 21
2 x_1_2 22
2 y_1_2 23
2 x_1_2 25
2 y_1_2 26
2 hz_1_2 27
2 hz_1_2 28
2 x_1_2 29
2 x_1_2 31
2 hz_1_2 32
2 x_1_2 33
2 hz_1_2 34
2 y_1_2 35
2 hz_1_2 36
2 hz_1_2 37
2 x_1_2 38
2 hz_1_2 39
2 x_1_2 40
2 hz_1_2 41
2 x_1_2 43
2 x_1_2 44
2 y_1_2 45
2 y_1_2 46
2 hz_1_2 47
2 x_1_2 48
2 x_1_2 49
2 hz_1_2 50
2 y_1_2 51
2 hz_1_2 52
2 hz_1_2 53
2 y_1_2 55
2 x_1_2 56
2 x_1_2 57
2 x_1_2 58
2 hz_1_2 59
2 x_1_2 61
2 x_1_2 62
2 y_1_2 63
2 x_1_2 64
3 fsimplus(1.508231520652771, -0.14411550760269165, -0.8398980498313904, 1.2348335981369019, 12.182637248566367) 1 8
3 fsimplus(1.536507487297058, -0.14455725252628326, 0.19119000434875488, -1.6278109550476074, -64.21707918331326) 2 9
3 fsimplus(1.553171157836914, -0.15091893076896667, 0.6291438341140747, -0.8855160474777222, -12.339191859752372) 7 13
3 fsimplus(1.5447182655334473, -0.14592647552490234, 1.460141658782959, -0.13674509525299072, -54.52066965309032) 10 16
3 fsimplus(1.5283665657043457, -0.11888892948627472, -0.7553731799125671, -0.8286629319190979, 43.489809750223166) 11 17
3 fsimplus(1.51483154296875, -0.1400664746761322, 0.23159462213516235, 2.1888720989227295, -47.71005902325149) 14 21
3 fsimplus(1.532601237297058, -0.13746438920497894, 0.7502246499061584, 0.5731300711631775, -26.80431392390434) 15 22
3 fsimplus(1.5090237855911255, -0.1623980849981308, -1.510617971420288, 1.8405476808547974, -7.548524661720087) 19 25
3 fsimplus(1.5275741815567017, -0.125349223613739, 0.6603471040725708, 0.4353642761707306, -99.84121321213584) 20 26
3 fsimplus(1.5331789255142212, -0.14154872298240662, 1.3883168697357178, 0.6221066117286682, 58.334809097309645) 23 29
3 fsimplus(1.534623384475708, -0.12846553325653076, -0.7768941521644592, 1.641015648841858, -74.52255562799411) 27 34
3 fsimplus(1.6025071144104004, -0.14094053208827972, -0.09164398163557053, 1.941541075706482, 49.28689265147731) 28 35
3 fsimplus(1.6001439094543457, -0.15485748648643494, -0.1333259642124176, -0.19928979873657227, -57.53895946915638) 31 37
3 fsimplus(1.5230696201324463, -0.13302358984947205, -0.2830870449542999, -2.398369312286377, 31.590377292167616) 32 38
3 fsimplus(1.597196102142334, -0.14054419100284576, -1.0669587850570679, -0.07799580693244934, -59.85411089142013) 33 39
3 fsimplus(1.5530760288238525, -0.11834309995174408, -0.9747694134712219, -3.494321584701538, -73.50373527992221) 40 47
3 fsimplus(1.5406194925308228, -0.13480401039123535, -0.5722049474716187, -0.3444143533706665, -56.80417226797473) 43 49
3 fsimplus(1.5847784280776978, -0.16219915449619293, 0.6903707385063171, -1.7470723390579224, -26.26954639103592) 44 50
3 fsimplus(1.5336220264434814, -0.14085620641708374, -0.5170878767967224, -1.5452650785446167, 34.57361917610949) 45 51
3 fsimplus(1.6115257740020752, -0.11984996497631073, -0.9303760528564453, -0.40642449259757996, -32.29127978065672) 46 52
3 fsimplus(1.5518465042114258, -0.13150422275066376, -0.7843353748321533, -2.552105188369751, 90.44672134873622) 55 61
3 fsimplus(1.5914655923843384, -0.11815202236175537, 0.0834135040640831, -1.0118848085403442, 30.672270455456815) 56 62
3 fsimplus(1.608649492263794, -0.11975647509098053, 0.0055139572359621525, 1.766855001449585, 29.771312469100117) 57 63
3 fsimplus(1.5386476516723633, -0.12157969921827316, -0.8024630546569824, -1.6492602825164795, 36.162851532026494) 58 64
4 y_1_2 1
4 hz_1_2 2
4 x_1_2 3
4 hz_1_2 4
4 y_1_2 7
4 x_1_2 8
4 x_1_2 9
4 y_1_2 10
4 x_1_2 11
4 y_1_2 12
4 y_1_2 13
4 x_1_2 14
4 hz_1_2 15
4 hz_1_2 16
4 x_1_2 17
4 y_1_2 19
4 hz_1_2 20
4 y_1_2 21
4 hz_1_2 22
4 hz_1_2 23
4 y_1_2 25
4 hz_1_2 26
4 x_1_2 27
4 y_1_2 28
4 y_1_2 29
4 hz_1_2 31
4 x_1_2 32
4 y_1_2 33
4 x_1_2 34
4 hz_1_2 35
4 y_1_2 36
4 y_1_2 37
4 hz_1_2 38
4 y_1_2 39
4 y_1_2 40
4 x_1_2 41
4 hz_1_2 43
4 y_1_2 44
4 x_1_2 45
4 hz_1_2 46
4 x_1_2 47
4 y_1_2 48
4 hz_1_2 49
4 x_1_2 50
4 hz_1_2 51
4 y_1_2 52
4 x_1_2 53
4 hz_1_2 55
4 hz_1_2 56
4 hz_1_2 57
4 hz_1_2 58
4 x_1_2 59
4 y_1_2 61
4 hz_1_2 62
4 hz_1_2 63
4 hz_1_2 64
5 fsimplus(1.600311040878296, -0.12419997155666351, -1.4836472272872925, -0.09175607562065125, -32.99336506112399) 3 10
5 fsimplus(1.6215472221374512, -0.1396775096654892, 1.4284284114837646, 1.3345654010772705, -152.21444962544413) 4 11
5 fsimplus(1.6060925722122192, -0.12337405979633331, -1.401180624961853, 0.75766521692276, 86.99394151114141) 8 14
5 fsimplus(1.5806424617767334, -0.15211080014705658, 0.8753284811973572, -2.5258655548095703, 70.35214258276521) 9 15
5 fsimplus(1.5282790660858154, -0.14381331205368042, -0.3881719708442688, -3.0333142280578613, 29.989261615245407) 12 19
5 fsimplus(1.5015573501586914, -0.14111976325511932, 1.4534162282943726, -1.4750994443893433, -17.005247114735937) 13 20
5 fsimplus(1.6167263984680176, -0.15693305432796478, -0.8310115933418274, 0.9915308356285095, 22.708328978695267) 16 23
5 fsimplus(1.6095796823501587, -0.13978342711925507, -1.2597733736038208, -0.40658050775527954, -25.880057012503258) 21 27
5 fsimplus(1.5381345748901367, -0.14592130482196808, -0.0989154726266861, -1.0227842330932617, -127.45213192627347) 22 28
5 fsimplus(1.5994360446929932, -0.1361493021249771, 1.2483417987823486, -2.0495402812957764, -37.22440393508525) 25 32
5 fsimplus(1.5448917150497437, -0.1323370337486267, -0.8607275485992432, -2.234393835067749, 59.22030080507074) 26 33
5 fsimplus(1.5413964986801147, -0.11502473056316376, 1.1784230470657349, 2.2765347957611084, 41.973522961620674) 34 40
5 fsimplus(1.6120455265045166, -0.13017092645168304, -0.7868511080741882, 1.891609787940979, -118.35960337163051) 35 41
5 fsimplus(1.5358302593231201, -0.1438470333814621, -0.4022025465965271, -1.6827073097229004, 86.30332097752238) 36 43
5 fsimplus(1.6129465103149414, -0.15393845736980438, 0.488312304019928, -0.7346457839012146, 110.60696620948286) 37 44
5 fsimplus(1.6236952543258667, -0.1468815952539444, -1.5521750450134277, -2.015568733215332, -78.2082268669996) 38 45
5 fsimplus(1.6191695928573608, -0.1272864192724228, -0.39417481422424316, 1.1543866395950317, 85.60336329834207) 39 46
5 fsimplus(1.5916013717651367, -0.1265886425971985, 0.7200601696968079, 1.1882858276367188, 41.19041645588601) 47 53
5 fsimplus(1.5241869688034058, -0.20875729620456696, 0.2938883602619171, 0.6789677143096924, -106.41787997118936) 48 55
5 fsimplus(1.5359559059143066, -0.1340981274843216, -0.28427284955978394, -1.7961530685424805, 20.35492397063107) 49 56
5 fsimplus(1.5397664308547974, -0.13798993825912476, 0.9442697167396545, 2.271878480911255, -52.307697076141764) 50 57
5 fsimplus(1.6030642986297607, -0.1470065861940384, 1.1379460096359253, -1.6871254444122314, -34.529681844617215) 51 58
5 fsimplus(1.6085096597671509, -0.14888769388198853, -0.10912202298641205, 1.500234842300415, 80.85903767144588) 52 59
6 hz_1_2 1
6 x_1_2 2
6 hz_1_2 3
6 y_1_2 4
6 hz_1_2 7
6 y_1_2 8
6 y_1_2 9
6 x_1_2 10
6 y_1_2 11
6 x_1_2 12
6 hz_1_2 13
6 hz_1_2 14
6 x_1_2 15
6 y_1_2 16
6 y_1_2 17
6 x_1_2 19
6 y_1_2 20
6 x_1_2 21
6 y_1_2 22
6 y_1_2 23
6 hz_1_2 25
6 y_1_2 26
6 y_1_2 27
6 x_1_2 28
6 hz_1_2 29
6 y_1_2 31
6 hz_1_2 32
6 hz_1_2 33
6 hz_1_2 34
6 x_1_2 35
6 hz_1_2 36
6 x_1_2 37
6 x_1_2 38
6 x_1_2 39
6 x_1_2 40
6 hz_1_2 41
6 y_1_2 43
6 x_1_2 44
6 y_1_2 45
6 x_1_2 46
6 hz_1_2 47
6 hz_1_2 48
6 y_1_2 49
6 y_1_2 50
6 x_1_2 51
6 x_1_2 52
6 y_1_2 53
6 y_1_2 55
6 y_1_2 56
6 x_1_2 57
6 y_1_2 58
6 hz_1_2 59
6 x_1_2 61
6 y_1_2 62
6 y_1_2 63
6 y_1_2 64
7 fsimplus(1.508231520652771, -0.14411550760269165, -0.8398980498313904, 1.2348335981369019, 26.27817230652989) 1 8
7 fsimplus(1.536507487297058, -0.14455725252628326, 0.19119000434875488, -1.6278109550476074, -156.9091123517838) 2 9
7 fsimplus(1.553171157836914, -0.15091893076896667, 0.6291438341140747, -0.8855160474777222, -33.82741055758655) 7 13
7 fsimplus(1.5447182655334473, -0.14592647552490234, 1.460141658782959, -0.13674509525299072, -134.02814237226082) 10 16
7 fsimplus(1.5283665657043457, -0.11888892948627472, -0.7553731799125671, -0.8286629319190979, 105.03010532461028) 11 17
7 fsimplus(1.51483154296875, -0.1400664746761322, 0.23159462213516235, 2.1888720989227295, -114.68466287105875) 14 21
7 fsimplus(1.532601237297058, -0.13746438920497894, 0.7502246499061584, 0.5731300711631775, -60.50964097053359) 15 22
7 fsimplus(1.5090237855911255, -0.1623980849981308, -1.510617971420288, 1.8405476808547974, -21.87400379360954) 19 25
7 fsimplus(1.5275741815567017, -0.125349223613739, 0.6603471040725708, 0.4353642761707306, -241.66536365003344) 20 26
7 fsimplus(1.5331789255142212, -0.14154872298240662, 1.3883168697357178, 0.6221066117286682, 140.23780763926192) 23 29
7 fsimplus(1.534623384475708, -0.12846553325653076, -0.7768941521644592, 1.641015648841858, -175.4221619614763) 27 34
7 fsimplus(1.6025071144104004, -0.14094053208827972, -0.09164398163557053, 1.941541075706482, 115.53499058150582) 28 35
7 fsimplus(1.6001439094543457, -0.15485748648643494, -0.1333259642124176, -0.19928979873657227, -139.1951440370223) 31 37
7 fsimplus(1.5230696201324463, -0.13302358984947205, -0.2830870449542999, -2.398369312286377, 77.18751700406357) 32 38
7 fsimplus(1.597196102142334, -0.14054419100284576, -1.0669587850570679, -0.07799580693244934, -142.32555172138706) 33 39
7 fsimplus(1.5530760288238525, -0.11834309995174408, -0.9747694134712219, -3.494321584701538, -176.98810370755106) 40 47
7 fsimplus(1.5406194925308228, -0.13480401039123535, -0.5722049474716187, -0.3444143533706665, -138.93564793601288) 43 49
7 fsimplus(1.5847784280776978, -0.16219915449619293, 0.6903707385063171, -1.7470723390579224, -59.04702892884124) 44 50
7 fsimplus(1.5336220264434814, -0.14085620641708374, -0.5170878767967224, -1.5452650785446167, 78.41555579740017) 45 51
7 fsimplus(1.6115257740020752, -0.11984996497631073, -0.9303760528564453, -0.40642449259757996, -80.2824783674944) 46 52
7 fsimplus(1.5518465042114258, -0.13150422275066376, -0.7843353748321533, -2.552105188369751, 219.62431445766768) 55 61
7 fsimplus(1.5914655923843384, -0.11815202236175537, 0.0834135040640831, -1.0118848085403442, 72.24263834644891) 56 62
7 fsimplus(1.608649492263794, -0.11975647509098053, 0.0055139572359621525, 1.766855001449585, 69.17169776771625) 57 63
7 fsimplus(1.5386476516723633, -0.12157969921827316, -0.8024630546569824, -1.6492602825164795, 82.3599729104979) 58 64
8 x_1_2 1
8 y_1_2 2
8 y_1_2 3
8 hz_1_2 4
8 y_1_2 7
8 hz_1_2 8
8 x_1_2 9
8 y_1_2 10
8 x_1_2 11
8 y_1_2 12
8 x_1_2 13
8 y_1_2 14
8 hz_1_2 15
8 x_1_2 16
8 hz_1_2 17
8 y_1_2 19
8 hz_1_2 20
8 hz_1_2 21
8 x_1_2 22
8 x_1_2 23
8 y_1_2 25
8 hz_1_2 26
8 x_1_2 27
8 hz_1_2 28
8 y_1_2 29
8 x_1_2 31
8 x_1_2 32
8 y_1_2 33
8 x_1_2 34
8 y_1_2 35
8 y_1_2 36
8 hz_1_2 37
8 hz_1_2 38
8 hz_1_2 39
8 y_1_2 40
8 x_1_2 41
8 x_1_2 43
8 y_1_2 44
8 hz_1_2 45
8 hz_1_2 46
8 x_1_2 47
8 x_1_2 48
8 x_1_2 49
8 hz_1_2 50
8 y_1_2 51
8 y_1_2 52
8 hz_1_2 53
8 hz_1_2 55
8 x_1_2 56
8 y_1_2 57
8 x_1_2 58
8 x_1_2 59
8 hz_1_2 61
8 x_1_2 62
8 x_1_2 63
8 hz_1_2 64
9 fsimplus(1.5979554653167725, -0.10773517191410065, 1.4501397609710693, 3.719292402267456, -142.43483294061656) 3 9
9 fsimplus(1.6206047534942627, -0.1272132694721222, -0.9637511372566223, -0.9392303228378296, -164.98544455694216) 4 10
9 fsimplus(1.5413240194320679, -0.1283116191625595, 0.8466215133666992, 0.6190890073776245, -146.29167800781528) 7 12
9 fsimplus(1.6063297986984253, -0.11263466626405716, 0.40882909297943115, 0.8336535692214966, 116.90201364442834) 8 13
9 fsimplus(1.5983155965805054, -0.158058762550354, -0.4594337046146393, 0.4942000210285187, -70.89527716292308) 14 20
9 fsimplus(1.59918212890625, -0.12558265030384064, -0.4692456126213074, -1.0348939895629883, -100.11034146946888) 15 21
9 fsimplus(1.5381124019622803, -0.129357248544693, -0.18845537304878235, -1.3278207778930664, 151.39931771116215) 16 22
9 fsimplus(1.5323961973190308, -0.14528799057006836, 1.5222502946853638, -0.08053646981716156, -120.58651425377168) 23 28
9 fsimplus(1.6076531410217285, -0.14802110195159912, -0.053584180772304535, -1.5703483819961548, -87.62062102075105) 25 31
9 fsimplus(1.5436575412750244, -0.15254975855350494, 0.6418281197547913, -0.5436755418777466, 193.34507822401508) 26 32
9 fsimplus(1.598997950553894, -0.13433457911014557, 1.3404016494750977, 0.9307005405426025, -77.56237735942264) 27 33
9 fsimplus(1.5955685377120972, -0.13304831087589264, -0.44950228929519653, -2.0927577018737793, -39.009943051182745) 34 39
9 fsimplus(1.5310243368148804, -0.15074193477630615, 0.36913245916366577, 0.9948738217353821, -139.83302540030817) 35 40
9 fsimplus(1.5274745225906372, -0.1400471180677414, 1.2695279121398926, 0.0011498271487653255, 244.81196028362226) 37 43
9 fsimplus(1.531766653060913, -0.15104913711547852, 1.444717288017273, -0.46212872862815857, -112.02805462731158) 38 44
9 fsimplus(1.5244033336639404, -0.12593550980091095, -0.7218642830848694, 2.821868658065796, -42.837464984733664) 45 50
9 fsimplus(1.605748176574707, -0.1509491205215454, -1.514675259590149, -0.2703818082809448, 175.9743322326062) 46 51
9 fsimplus(1.531211256980896, -0.12840406596660614, -0.6747065782546997, -1.5842417478561401, 161.59765922261857) 47 52
9 fsimplus(1.5358898639678955, -0.13996633887290955, 0.7505143284797668, 0.7865577936172485, -72.8176496058106) 49 55
9 fsimplus(1.6150641441345215, -0.1307845413684845, 0.2545004189014435, 2.9044272899627686, 182.4980232302628) 56 61
9 fsimplus(1.5325641632080078, -0.12452762573957443, -0.5045234560966492, -1.5445146560668945, 156.45504667994052) 57 62
9 fsimplus(1.5275187492370605, -0.1414560079574585, 0.0701705813407898, 1.5085934400558472, -84.33389767330459) 58 63
9 fsimplus(1.6067646741867065, -0.12805402278900146, -1.052878737449646, 0.5938245058059692, 167.82350428370665) 59 64
10 hz_1_2 1
10 x_1_2 2
10 x_1_2 3
10 y_1_2 4
10 hz_1_2 7
10 y_1_2 8
10 y_1_2 9
10 x_1_2 10
10 y_1_2 11
10 x_1_2 12
10 hz_1_2 13
10 x_1_2 14
10 x_1_2 15
10 hz_1_2 16
10 y_1_2 17
10 hz_1_2 19
10 x_1_2 20
10 y_1_2 21
10 hz_1_2 22
10 y_1_2 23
10 x_1_2 25
10 y_1_2 26
10 y_1_2 27
10 y_1_2 28
10 hz_1_2 29
10 hz_1_2 31
10 hz_1_2 32
10 hz_1_2 33
10 hz_1_2 34
10 x_1_2 35
10 hz_1_2 36
10 y_1_2 37
10 y_1_2 38
10 x_1_2 39
10 x_1_2 40
10 hz_1_2 41
10 y_1_2 43
10 hz_1_2 44
10 x_1_2 45
10 y_1_2 46
10 y_1_2 47
10 y_1_2 48
10 hz_1_2 49
10 x_1_2 50
10 hz_1_2 51
10 x_1_2 52
10 x_1_2 53
10 y_1_2 55
10 y_1_2 56
10 x_1_2 57
10 y_1_2 58
10 hz_1_2 59
10 y_1_2 61
10 hz_1_2 62
10 hz_1_2 63
10 x_1_2 64
11 fsimplus(1.5446350574493408, -0.13468104600906372, -0.6687090992927551, -0.795185387134552, 239.13530786225712) 1 7
11 fsimplus(1.5307981967926025, -0.13552452623844147, 1.5385503768920898, -0.1771245002746582, -223.51215512695973) 2 8
11 fsimplus(1.617964506149292, -0.12122070789337158, 0.6821352243423462, -0.6313515901565552, 222.92097059057576) 9 14
11 fsimplus(1.632840633392334, -0.1428118646144867, 0.6131274700164795, 0.17972370982170105, 57.778361890367655) 10 15
11 fsimplus(1.5432918071746826, -0.11193565279245377, 0.8540021777153015, -0.0955786183476448, -82.82430768997436) 11 16
11 fsimplus(1.5604987144470215, -0.1448139250278473, -0.7449406385421753, 0.565971314907074, -61.347279830992534) 13 19
11 fsimplus(1.5242356061935425, -0.14853712916374207, -0.8374187350273132, 2.2156941890716553, -197.3278825961443) 17 23
11 fsimplus(1.5479425191879272, -0.09543639421463013, 0.38279932737350464, -0.35853591561317444, -70.50316047131072) 20 25
11 fsimplus(1.6059616804122925, -0.1287727802991867, -1.3430296182632446, -0.7409613132476807, -292.1916342387045) 21 26
11 fsimplus(1.5293766260147095, -0.14510102570056915, 0.6160158514976501, 0.7413054704666138, -92.7272619550029) 22 27
11 fsimplus(1.5485318899154663, -0.134323388338089, 0.973257303237915, 0.460052490234375, -88.79444650520237) 28 34
11 fsimplus(1.6048939228057861, -0.13388706743717194, -0.29760903120040894, -1.6896480321884155, -190.34705933437297) 29 35
11 fsimplus(1.5176513195037842, -0.13378562033176422, -0.5584571361541748, 1.9715285301208496, -117.18717970835525) 31 36
11 fsimplus(1.5248841047286987, -0.11243146657943726, 1.43203866481781, 1.06298828125, -252.33942967304088) 32 37
11 fsimplus(1.6163146495819092, -0.1473688781261444, 1.085403323173523, 2.295940637588501, 235.91193448813573) 33 38
11 fsimplus(1.6081222295761108, -0.11798654496669769, -1.2561837434768677, 1.0439376831054688, 287.3287720161605) 39 45
11 fsimplus(1.5173612833023071, -0.13742820918560028, -0.46315112709999084, -2.284120559692383, 44.75539190687319) 40 46
11 fsimplus(1.6117135286331177, -0.12957586348056793, 0.2832072675228119, 1.8054405450820923, -188.91237147817102) 41 47
11 fsimplus(1.5955312252044678, -0.1527898609638214, 0.8986088633537292, 0.08721911907196045, -81.90764588187092) 43 48
11 fsimplus(1.5399425029754639, -0.155563086271286, 0.28087669610977173, 0.691842257976532, -168.4989488792827) 44 49
11 fsimplus(1.630867600440979, -0.1396857649087906, -0.01795892044901848, 1.9695262908935547, -40.40415315449815) 50 56
11 fsimplus(1.6132863759994507, -0.13656151294708252, -1.5900704860687256, 0.08506719768047333, -291.2605190111823) 51 57
11 fsimplus(1.5439438819885254, -0.13192331790924072, -0.459609717130661, -1.8153867721557617, 266.46949781055713) 52 58
11 fsimplus(1.6094332933425903, -0.12019175291061401, 0.2479204535484314, 0.6788816452026367, 289.0460260872163) 53 59
12 x_1_2 1
12 y_1_2 2
12 y_1_2 3
12 x_1_2 4
12 y_1_2 7
12 x_1_2 8
12 hz_1_2 9
12 y_1_2 10
12 hz_1_2 11
12 y_1_2 12
12 x_1_2 13
12 y_1_2 14
12 y_1_2 15
12 y_1_2 16
12 hz_1_2 17
12 y_1_2 19
12 y_1_2 20
12 x_1_2 21
12 y_1_2 22
12 x_1_2 23
12 hz_1_2 25
12 hz_1_2 26
12 hz_1_2 27
12 x_1_2 28
12 y_1_2 29
12 x_1_2 31
12 y_1_2 32
12 y_1_2 33
12 x_1_2 34
12 hz_1_2 35
12 y_1_2 36
12 hz_1_2 37
12 x_1_2 38
12 hz_1_2 39
12 y_1_2 40
12 x_1_2 41
12 hz_1_2 43
12 y_1_2 44
12 hz_1_2 45
12 hz_1_2 46
12 hz_1_2 47
12 hz_1_2 48
12 y_1_2 49
12 y_1_2 50
12 x_1_2 51
12 y_1_2 52
12 hz_1_2 53
12 hz_1_2 55
12 hz_1_2 56
12 y_1_2 57
12 hz_1_2 58
12 x_1_2 59
12 x_1_2 61
12 x_1_2 62
12 x_1_2 63
12 hz_1_2 64
13 fsimplus(1.5979554653167725, -0.10773517191410065, 1.4501397609710693, 3.719292402267456, -207.3282045403702) 3 9
13 fsimplus(1.6206047534942627, -0.1272132694721222, -0.9637511372566223, -0.9392303228378296, -239.0864810116533) 4 10
13 fsimplus(1.5413240194320679, -0.1283116191625595, 0.8466215133666992, 0.6190890073776245, -213.54683563002982) 7 12
13 fsimplus(1.6063297986984253, -0.11263466626405716, 0.40882909297943115, 0.8336535692214966, 169.1910026656169) 8 13
13 fsimplus(1.5983155965805054, -0.158058762550354, -0.4594337046146393, 0.4942000210285187, -102.41191803221592) 14 20
13 fsimplus(1.59918212890625, -0.12558265030384064, -0.4692456126213074, -1.0348939895629883, -144.8801225995835) 15 21
13 fsimplus(1.5381124019622803, -0.129357248544693, -0.18845537304878235, -1.3278207778930664, 218.69004881849762) 16 22
13 fsimplus(1.5323961973190308, -0.14528799057006836, 1.5222502946853638, -0.08053646981716156, -174.60686846316491) 23 28
13 fsimplus(1.6076531410217285, -0.14802110195159912, -0.053584180772304535, -1.5703483819961548, -127.73247602178557) 25 31
13 fsimplus(1.5436575412750244, -0.15254975855350494, 0.6418281197547913, -0.5436755418777466, 281.4481318118873) 26 32
13 fsimplus(1.598997950553894, -0.13433457911014557, 1.3404016494750977, 0.9307005405426025, -112.52047786144422) 27 33
13 fsimplus(1.5955685377120972, -0.13304831087589264, -0.44950228929519653, -2.0927577018737793, -55.539878049689065) 34 39
13 fsimplus(1.5310243368148804, -0.15074193477630615, 0.36913245916366577, 0.9948738217353821, -201.98320453919106) 35 40
13 fsimplus(1.5274745225906372, -0.1400471180677414, 1.2695279121398926, 0.0011498271487653255, 353.9613145325173) 37 43
13 fsimplus(1.531766653060913, -0.15104913711547852, 1.444717288017273, -0.46212872862815857, -161.20674749065992) 38 44
13 fsimplus(1.5244033336639404, -0.12593550980091095, -0.7218642830848694, 2.821868658065796, -61.773561177862035) 45 50
13 fsimplus(1.605748176574707, -0.1509491205215454, -1.514675259590149, -0.2703818082809448, 255.3981889248946) 46 51
13 fsimplus(1.531211256980896, -0.12840406596660614, -0.6747065782546997, -1.5842417478561401, 233.76525842415984) 47 52
13 fsimplus(1.5358898639678955, -0.13996633887290955, 0.7505143284797668, 0.7865577936172485, -105.81260716090156) 49 55
13 fsimplus(1.6150641441345215, -0.1307845413684845, 0.2545004189014435, 2.9044272899627686, 263.4379705152303) 56 61
13 fsimplus(1.5325641632080078, -0.12452762573957443, -0.5045234560966492, -1.5445146560668945, 228.13011814418905) 57 62
13 fsimplus(1.5275187492370605, -0.1414560079574585, 0.0701705813407898, 1.5085934400558472, -122.67404642053341) 58 63
13 fsimplus(1.6067646741867065, -0.12805402278900146, -1.052878737449646, 0.5938245058059692, 243.716050788064) 59 64
14 y_1_2 1
14 x_1_2 2
14 hz_1_2 3
14 hz_1_2 4
14 hz_1_2 7
14 hz_1_2 8
14 y_1_2 9
14 hz_1_2 10
14 y_1_2 11
14 hz_1_2 12
14 y_1_2 13
14 x_1_2 14
14 x_1_2 15
14 x_1_2 16
14 y_1_2 17
14 x_1_2 19
14 hz_1_2 20
14 hz_1_2 21
14 x_1_2 22
14 hz_1_2 23
14 y_1_2 25
14 x_1_2 26
14 y_1_2 27
14 hz_1_2 28
14 hz_1_2 29
14 hz_1_2 31
14 hz_1_2 32
14 x_1_2 33
14 hz_1_2 34
14 y_1_2 35
14 hz_1_2 36
14 y_1_2 37
14 y_1_2 38
14 x_1_2 39
14 hz_1_2 40
14 y_1_2 41
14 x_1_2 43
14 hz_1_2 44
14 y_1_2 45
14 x_1_2 46
14 x_1_2 47
14 y_1_2 48
14 x_1_2 49
14 hz_1_2 50
14 y_1_2 51
14 x_1_2 52
14 y_1_2 53
14 y_1_2 55
14 x_1_2 56
14 x_1_2 57
14 y_1_2 58
14 y_1_2 59
14 y_1_2 61
14 hz_1_2 62
14 y_1_2 63
14 y_1_2 64
15 fsimplus(1.5446350574493408, -0.13468104600906372, -0.6687090992927551, -0.795185387134552, 327.0080506392434) 1 7
15 fsimplus(1.5307981967926025, -0.13552452623844147, 1.5385503768920898, -0.1771245002746582, -304.74365829513476) 2 8
15 fsimplus(1.617964506149292, -0.12122070789337158, 0.6821352243423462, -0.6313515901565552, 305.2937591783002) 9 14
15 fsimplus(1.632840633392334, -0.1428118646144867, 0.6131274700164795, 0.17972370982170105, 79.26694732516185) 10 15
15 fsimplus(1.5432918071746826, -0.11193565279245377, 0.8540021777153015, -0.0955786183476448, -112.90810725651025) 11 16
15 fsimplus(1.5604987144470215, -0.1448139250278473, -0.7449406385421753, 0.565971314907074, -84.98494385144217) 13 19
15 fsimplus(1.5242356061935425, -0.14853712916374207, -0.8374187350273132, 2.2156941890716553, -270.74568809435783) 17 23
15 fsimplus(1.5479425191879272, -0.09543639421463013, 0.38279932737350464, -0.35853591561317444, -95.57293232059729) 20 25
15 fsimplus(1.6059616804122925, -0.1287727802991867, -1.3430296182632446, -0.7409613132476807, -398.55782169808776) 21 26
15 fsimplus(1.5293766260147095, -0.14510102570056915, 0.6160158514976501, 0.7413054704666138, -127.2086044090122) 22 27
15 fsimplus(1.5485318899154663, -0.134323388338089, 0.973257303237915, 0.460052490234375, -121.0705996186748) 28 34
15 fsimplus(1.6048939228057861, -0.13388706743717194, -0.29760903120040894, -1.6896480321884155, -260.0223141556899) 29 35
15 fsimplus(1.5176513195037842, -0.13378562033176422, -0.5584571361541748, 1.9715285301208496, -160.48561215491193) 31 36
15 fsimplus(1.5248841047286987, -0.11243146657943726, 1.43203866481781, 1.06298828125, -345.4561442412024) 32 37
15 fsimplus(1.6163146495819092, -0.1473688781261444, 1.085403323173523, 2.295940637588501, 321.62092920106625) 33 38
15 fsimplus(1.6081222295761108, -0.11798654496669769, -1.2561837434768677, 1.0439376831054688, 392.48912835103266) 39 45
15 fsimplus(1.5173612833023071, -0.13742820918560028, -0.46315112709999084, -2.284120559692383, 61.42982126762323) 40 46
15 fsimplus(1.6117135286331177, -0.12957586348056793, 0.2832072675228119, 1.8054405450820923, -258.3510809602819) 41 47
15 fsimplus(1.5955312252044678, -0.1527898609638214, 0.8986088633537292, 0.08721911907196045, -111.20332772134648) 43 48
15 fsimplus(1.5399425029754639, -0.155563086271286, 0.28087669610977173, 0.691842257976532, -231.0162317151351) 44 49
15 fsimplus(1.630867600440979, -0.1396857649087906, -0.01795892044901848, 1.9695262908935547, -54.90126518367204) 50 56
15 fsimplus(1.6132863759994507, -0.13656151294708252, -1.5900704860687256, 0.08506719768047333, -398.6403674280317) 51 57
15 fsimplus(1.5439438819885254, -0.13192331790924072, -0.459609717130661, -1.8153867721557617, 364.2452387186788) 52 58
15 fsimplus(1.6094332933425903, -0.12019175291061401, 0.2479204535484314, 0.6788816452026367, 395.34840131555796) 53 59
16 x_1_2 1
16 y_1_2 2
16 x_1_2 3
16 x_1_2 4
16 y_1_2 7
16 x_1_2 8
16 x_1_2 9
16 x_1_2 10
16 hz_1_2 11
16 y_1_2 12
16 hz_1_2 13
16 hz_1_2 14
16 hz_1_2 15
16 y_1_2 16
16 x_1_2 17
16 y_1_2 19
16 y_1_2 20
16 y_1_2 21
16 hz_1_2 22
16 x_1_2 23
16 x_1_2 25
16 hz_1_2 26
16 x_1_2 27
16 y_1_2 28
16 x_1_2 29
16 x_1_2 31
16 y_1_2 32
16 y_1_2 33
16 x_1_2 34
16 x_1_2 35
16 y_1_2 36
16 hz_1_2 37
16 x_1_2 38
16 y_1_2 39
16 y_1_2 40
16 hz_1_2 41
16 hz_1_2 43
16 y_1_2 44
16 hz_1_2 45
16 hz_1_2 46
16 hz_1_2 47
16 x_1_2 48
16 hz_1_2 49
16 x_1_2 50
16 x_1_2 51
16 hz_1_2 52
16 hz_1_2 53
16 x_1_2 55
16 y_1_2 56
16 y_1_2 57
16 hz_1_2 58
16 hz_1_2 59
16 x_1_2 61
16 x_1_2 62
16 x_1_2 63
16 x_1_2 64
17 fsimplus(1.600311040878296, -0.12419997155666351, -1.4836472272872925, -0.09175607562065125, -111.63533855467217) 3 10
17 fsimplus(1.6215472221374512, -0.1396775096654892, 1.4284284114837646, 1.3345654010772705, -522.7885784474813) 4 11
17 fsimplus(1.6060925722122192, -0.12337405979633331, -1.401180624961853, 0.75766521692276, 299.73071727342796) 8 14
17 fsimplus(1.5806424617767334, -0.15211080014705658, 0.8753284811973572, -2.5258655548095703, 250.85604019286043) 9 15
17 fsimplus(1.5282790660858154, -0.14381331205368042, -0.3881719708442688, -3.0333142280578613, 96.37708632703756) 12 19
17 fsimplus(1.5015573501586914, -0.14111976325511932, 1.4534162282943726, -1.4750994443893433, -55.685361023893506) 13 20
17 fsimplus(1.6167263984680176, -0.15693305432796478, -0.8310115933418274, 0.9915308356285095, 77.3271979068239) 16 23
17 fsimplus(1.6095796823501587, -0.13978342711925507, -1.2597733736038208, -0.40658050775527954, -96.13072212407504) 21 27
17 fsimplus(1.5381345748901367, -0.14592130482196808, -0.0989154726266861, -1.0227842330932617, -436.7665189483307) 22 28
17 fsimplus(1.5994360446929932, -0.1361493021249771, 1.2483417987823486, -2.0495402812957764, -123.17837893730203) 25 32
17 fsimplus(1.5448917150497437, -0.1323370337486267, -0.8607275485992432, -2.234393835067749, 203.19389656558383) 26 33
17 fsimplus(1.5413964986801147, -0.11502473056316376, 1.1784230470657349, 2.2765347957611084, 151.09573867547496) 34 40
17 fsimplus(1.6120455265045166, -0.13017092645168304, -0.7868511080741882, 1.891609787940979, -406.9471176248332) 35 41
17 fsimplus(1.5358302593231201, -0.1438470333814621, -0.4022025465965271, -1.6827073097229004, 298.6781273602796) 36 43
17 fsimplus(1.6129465103149414, -0.15393845736980438, 0.488312304019928, -0.7346457839012146, 379.2124504596103) 37 44
17 fsimplus(1.6236952543258667, -0.1468815952539444, -1.5521750450134277, -2.015568733215332, -267.2684644910755) 38 45
17 fsimplus(1.6191695928573608, -0.1272864192724228, -0.39417481422424316, 1.1543866395950317, 294.3386720899654) 39 46
17 fsimplus(1.5916013717651367, -0.1265886425971985, 0.7200601696968079, 1.1882858276367188, 143.0270357221924) 47 53
17 fsimplus(1.5241869688034058, -0.20875729620456696, 0.2938883602619171, 0.6789677143096924, -363.91013412215017) 48 55
17 fsimplus(1.5359559059143066, -0.1340981274843216, -0.28427284955978394, -1.7961530685424805, 66.0829887772504) 49 56
17 fsimplus(1.5397664308547974, -0.13798993825912476, 0.9442697167396545, 2.271878480911255, -186.11314388343263) 50 57
17 fsimplus(1.6030642986297607, -0.1470065861940384, 1.1379460096359253, -1.6871254444122314, -123.44762495763042) 51 58
17 fsimplus(1.6085096597671509, -0.14888769388198853, -0.10912202298641205, 1.500234842300415, 285.0999850181533) 52 59
18 y_1_2 1
18 hz_1_2 2
18 hz_1_2 3
18 hz_1_2 4
18 hz_1_2 7
18 hz_1_2 8
18 y_1_2 9
18 hz_1_2 10
18 x_1_2 11
18 hz_1_2 12
18 x_1_2 13
18 x_1_2 14
18 x_1_2 15
18 hz_1_2 16
18 hz_1_2 17
18 hz_1_2 19
18 hz_1_2 20
18 hz_1_2 21
18 y_1_2 22
18 y_1_2 23
18 hz_1_2 25
18 y_1_2 26
18 hz_1_2 27
18 hz_1_2 28
18 hz_1_2 29
18 y_1_2 31
18 x_1_2 32
18 x_1_2 33
18 y_1_2 34
18 hz_1_2 35
18 x_1_2 36
18 y_1_2 37
18 hz_1_2 38
18 hz_1_2 39
18 hz_1_2 40
18 x_1_2 41
18 y_1_2 43
18 hz_1_2 44
18 y_1_2 45
18 x_1_2 46
18 y_1_2 47
18 hz_1_2 48
18 y_1_2 49
18 hz_1_2 50
18 y_1_2 51
18 y_1_2 52
18 x_1_2 53
18 hz_1_2 55
18 hz_1_2 56
18 x_1_2 57
18 x_1_2 58
18 x_1_2 59
18 y_1_2 61
18 y_1_2 62
18 hz_1_2 63
18 y_1_2 64
19 fsimplus(1.508231520652771, -0.14411550760269165, -0.8398980498313904, 1.2348335981369019, 68.56477748042046) 1 8
19 fsimplus(1.536507487297058, -0.14455725252628326, 0.19119000434875488, -1.6278109550476074, -434.98521185719534) 2 9
19 fsimplus(1.553171157836914, -0.15091893076896667, 0.6291438341140747, -0.8855160474777222, -98.2920666510891) 7 13
19 fsimplus(1.5447182655334473, -0.14592647552490234, 1.460141658782959, -0.13674509525299072, -372.5505605297723) 10 16
19 fsimplus(1.5283665657043457, -0.11888892948627472, -0.7553731799125671, -0.8286629319190979, 289.6509920477717) 11 17
19 fsimplus(1.51483154296875, -0.1400664746761322, 0.23159462213516235, 2.1888720989227295, -315.60847441448055) 14 21
19 fsimplus(1.532601237297058, -0.13746438920497894, 0.7502246499061584, 0.5731300711631775, -161.62562211042138) 15 22
19 fsimplus(1.5090237855911255, -0.1623980849981308, -1.510617971420288, 1.8405476808547974, -64.8504411892779) 19 25
19 fsimplus(1.5275741815567017, -0.125349223613739, 0.6603471040725708, 0.4353642761707306, -667.1378149637264) 20 26
19 fsimplus(1.5331789255142212, -0.14154872298240662, 1.3883168697357178, 0.6221066117286682, 385.9468032651188) 23 29
19 fsimplus(1.534623384475708, -0.12846553325653076, -0.7768941521644592, 1.641015648841858, -478.12098096192295) 27 34
19 fsimplus(1.6025071144104004, -0.14094053208827972, -0.09164398163557053, 1.941541075706482, 314.2792843715915) 28 35
19 fsimplus(1.6001439094543457, -0.15485748648643494, -0.1333259642124176, -0.19928979873657227, -384.16369774062) 31 37
19 fsimplus(1.5230696201324463, -0.13302358984947205, -0.2830870449542999, -2.398369312286377, 213.97893613975143) 32 38
19 fsimplus(1.597196102142334, -0.14054419100284576, -1.0669587850570679, -0.07799580693244934, -389.7398742112879) 33 39
19 fsimplus(1.5530760288238525, -0.11834309995174408, -0.9747694134712219, -3.494321584701538, -487.4412089904377) 40 47
19 fsimplus(1.5406194925308228, -0.13480401039123535, -0.5722049474716187, -0.3444143533706665, -385.3300749401274) 43 49
19 fsimplus(1.5847784280776978, -0.16219915449619293, 0.6903707385063171, -1.7470723390579224, -157.37947654225727) 44 50
19 fsimplus(1.5336220264434814, -0.14085620641708374, -0.5170878767967224, -1.5452650785446167, 209.94136566127221) 45 51
19 fsimplus(1.6115257740020752, -0.11984996497631073, -0.9303760528564453, -0.40642449259757996, -224.2560741280075) 46 52
19 fsimplus(1.5518465042114258, -0.13150422275066376, -0.7843353748321533, -2.552105188369751, 607.1570937844622) 55 61
19 fsimplus(1.5914655923843384, -0.11815202236175537, 0.0834135040640831, -1.0118848085403442, 196.95374201942522) 56 62
19 fsimplus(1.608649492263794, -0.11975647509098053, 0.0055139572359621525, 1.766855001449585, 187.37285366356465) 57 63
19 fsimplus(1.5386476516723633, -0.12157969921827316, -0.8024630546569824, -1.6492602825164795, 220.9513370459122) 58 64
20 hz_1_2 1
20 y_1_2 2
20 y_1_2 3
20 x_1_2 4
20 x_1_2 7
20 y_1_2 8
20 x_1_2 9
20 y_1_2 10
20 hz_1_2 11
20 y_1_2 12
20 hz_1_2 13
20 hz_1_2 14
20 y_1_2 15
20 y_1_2 16
20 x_1_2 17
20 x_1_2 19
20 y_1_2 20
20 x_1_2 21
20 hz_1_2 22
20 x_1_2 23
20 x_1_2 25
20 x_1_2 26
20 x_1_2 27
20 x_1_2 28
20 y_1_2 29
20 x_1_2 31
20 hz_1_2 32
20 hz_1_2 33
20 hz_1_2 34
20 x_1_2 35
20 y_1_2 36
20 hz_1_2 37
20 x_1_2 38
20 x_1_2 39
20 x_1_2 40
20 y_1_2 41
20 x_1_2 43
20 y_1_2 44
20 x_1_2 45
20 y_1_2 46
20 hz_1_2 47
20 x_1_2 48
20 hz_1_2 49
20 y_1_2 50
20 x_1_2 51
20 x_1_2 52
20 y_1_2 53
20 y_1_2 55
20 y_1_2 56
20 y_1_2 57
20 y_1_2 58
20 y_1_2 59
20 x_1_2 61
20 hz_1_2 62
20 x_1_2 63
20 x_1_2 64
21 fsimplus(1.600311040878296, -0.12419997155666351, -1.4836472272872925, -0.09175607562065125, -137.8493297191882) 3 10
21 fsimplus(1.6215472221374512, -0.1396775096654892, 1.4284284114837646, 1.3345654010772705, -646.3132880548269) 4 11
21 fsimplus(1.6060925722122192, -0.12337405979633331, -1.401180624961853, 0.75766521692276, 370.64297586085667) 8 14
21 fsimplus(1.5806424617767334, -0.15211080014705658, 0.8753284811973572, -2.5258655548095703, 311.0240060628921) 9 15
21 fsimplus(1.5282790660858154, -0.14381331205368042, -0.3881719708442688, -3.0333142280578613, 118.50636123096827) 12 19
21 fsimplus(1.5015573501586914, -0.14111976325511932, 1.4534162282943726, -1.4750994443893433, -68.57873232694601) 13 20
21 fsimplus(1.6167263984680176, -0.15693305432796478, -0.8310115933418274, 0.9915308356285095, 95.53348754953342) 16 23
21 fsimplus(1.6095796823501587, -0.13978342711925507, -1.2597733736038208, -0.40658050775527954, -119.54761049459893) 21 27
21 fsimplus(1.5381345748901367, -0.14592130482196808, -0.0989154726266861, -1.0227842330932617, -539.8713146223497) 22 28
21 fsimplus(1.5994360446929932, -0.1361493021249771, 1.2483417987823486, -2.0495402812957764, -151.8297039380409) 25 32
21 fsimplus(1.5448917150497437, -0.1323370337486267, -0.8607275485992432, -2.234393835067749, 251.1850951524215) 26 33
21 fsimplus(1.5413964986801147, -0.11502473056316376, 1.1784230470657349, 2.2765347957611084, 187.469810580093) 34 40
21 fsimplus(1.6120455265045166, -0.13017092645168304, -0.7868511080741882, 1.891609787940979, -503.14295570923406) 35 41
21 fsimplus(1.5358302593231201, -0.1438470333814621, -0.4022025465965271, -1.6827073097229004, 369.46972948786515) 36 43
21 fsimplus(1.6129465103149414, -0.15393845736980438, 0.488312304019928, -0.7346457839012146, 468.7476118763193) 37 44
21 fsimplus(1.6236952543258667, -0.1468815952539444, -1.5521750450134277, -2.015568733215332, -330.28854369910067) 38 45
21 fsimplus(1.6191695928573608, -0.1272864192724228, -0.39417481422424316, 1.1543866395950317, 363.91710835383975) 39 46
21 fsimplus(1.5916013717651367, -0.1265886425971985, 0.7200601696968079, 1.1882858276367188, 176.9725754776278) 47 53
21 fsimplus(1.5241869688034058, -0.20875729620456696, 0.2938883602619171, 0.6789677143096924, -449.7408855058036) 48 55
21 fsimplus(1.5359559059143066, -0.1340981274843216, -0.28427284955978394, -1.7961530685424805, 81.32567704612349) 49 56
21 fsimplus(1.5397664308547974, -0.13798993825912476, 0.9442697167396545, 2.271878480911255, -230.71495948586283) 50 57
21 fsimplus(1.6030642986297607, -0.1470065861940384, 1.1379460096359253, -1.6871254444122314, -153.0869393286348) 51 58
21 fsimplus(1.6085096597671509, -0.14888769388198853, -0.10912202298641205, 1.500234842300415, 353.18030080038903) 52 59
22 y_1_2 1
22 hz_1_2 2
22 hz_1_2 3
22 y_1_2 4
22 hz_1_2 7
22 x_1_2 8
22 y_1_2 9
22 hz_1_2 10
22 x_1_2 11
22 x_1_2 12
22 y_1_2 13
22 y_1_2 14
22 x_1_2 15
22 hz_1_2 16
22 y_1_2 17
22 y_1_2 19
22 x_1_2 20
22 hz_1_2 21
22 y_1_2 22
22 y_1_2 23
22 hz_1_2 25
22 y_1_2 26
22 y_1_2 27
22 y_1_2 28
22 x_1_2 29
22 hz_1_2 31
22 y_1_2 32
22 y_1_2 33
22 y_1_2 34
22 hz_1_2 35
22 x_1_2 36
22 y_1_2 37
22 y_1_2 38
22 hz_1_2 39
22 hz_1_2 40
22 x_1_2 41
22 hz_1_2 43
22 x_1_2 44
22 hz_1_2 45
22 x_1_2 46
22 x_1_2 47
22 hz_1_2 48
22 y_1_2 49
22 x_1_2 50
22 y_1_2 51
22 y_1_2 52
22 hz_1_2 53
22 x_1_2 55
22 hz_1_2 56
22 x_1_2 57
22 hz_1_2 58
22 x_1_2 59
22 y_1_2 61
22 y_1_2 62
22 hz_1_2 63
22 y_1_2 64
23 fsimplus(1.508231520652771, -0.14411550760269165, -0.8398980498313904, 1.2348335981369019, 82.66031253838396) 1 8
23 fsimplus(1.536507487297058, -0.14455725252628326, 0.19119000434875488, -1.6278109550476074, -527.6772450256658) 2 9
23 fsimplus(1.553171157836914, -0.15091893076896667, 0.6291438341140747, -0.8855160474777222, -119.78028534892326) 7 13
23 fsimplus(1.5447182655334473, -0.14592647552490234, 1.460141658782959, -0.13674509525299072, -452.05803324894276) 10 16
23 fsimplus(1.5283665657043457, -0.11888892948627472, -0.7553731799125671, -0.8286629319190979, 351.1912876221587) 11 17
23 fsimplus(1.51483154296875, -0.1400664746761322, 0.23159462213516235, 2.1888720989227295, -382.58307826228776) 14 21
23 fsimplus(1.532601237297058, -0.13746438920497894, 0.7502246499061584, 0.5731300711631775, -195.3309491570506) 15 22
23 fsimplus(1.5090237855911255, -0.1623980849981308, -1.510617971420288, 1.8405476808547974, -79.17592032116734) 19 25
23 fsimplus(1.5275741815567017, -0.125349223613739, 0.6603471040725708, 0.4353642761707306, -808.961965401624) 20 26
23 fsimplus(1.5331789255142212, -0.14154872298240662, 1.3883168697357178, 0.6221066117286682, 467.84980180707095) 23 29
23 fsimplus(1.534623384475708, -0.12846553325653076, -0.7768941521644592, 1.641015648841858, -579.020587295405) 27 34
23 fsimplus(1.6025071144104004, -0.14094053208827972, -0.09164398163557053, 1.941541075706482, 380.5273823016199) 28 35
23 fsimplus(1.6001439094543457, -0.15485748648643494, -0.1333259642124176, -0.19928979873657227, -465.81988230848583) 31 37
23 fsimplus(1.5230696201324463, -0.13302358984947205, -0.2830870449542999, -2.398369312286377, 259.5760758516473) 32 38
23 fsimplus(1.597196102142334, -0.14054419100284576, -1.0669587850570679, -0.07799580693244934, -472.21131504125475) 33 39
23 fsimplus(1.5530760288238525, -0.11834309995174408, -0.9747694134712219, -3.494321584701538, -590.9255774180664) 40 47
23 fsimplus(1.5406194925308228, -0.13480401039123535, -0.5722049474716187, -0.3444143533706665, -467.4615506081655) 43 49
23 fsimplus(1.5847784280776978, -0.16219915449619293, 0.6903707385063171, -1.7470723390579224, -190.15695908006253) 44 50
23 fsimplus(1.5336220264434814, -0.14085620641708374, -0.5170878767967224, -1.5452650785446167, 253.78330228256283) 45 51
23 fsimplus(1.6115257740020752, -0.11984996497631073, -0.9303760528564453, -0.40642449259757996, -272.2472727148451) 46 52
23 fsimplus(1.5518465042114258, -0.13150422275066376, -0.7843353748321533, -2.552105188369751, 736.3346868933935) 55 61
23 fsimplus(1.5914655923843384, -0.11815202236175537, 0.0834135040640831, -1.0118848085403442, 238.52410991041728) 56 62
23 fsimplus(1.608649492263794, -0.11975647509098053, 0.0055139572359621525, 1.766855001449585, 226.77323896218073) 57 63
23 fsimplus(1.5386476516723633, -0.12157969921827316, -0.8024630546569824, -1.6492602825164795, 267.14845842438353) 58 64
24 x_1_2 1
24 y_1_2 2
24 x_1_2 3
24 hz_1_2 4
24 y_1_2 7
24 hz_1_2 8
24 hz_1_2 9
24 y_1_2 10
24 y_1_2 11
24 hz_1_2 12
24 hz_1_2 13
24 x_1_2 14
24 y_1_2 15
24 y_1_2 16
24 hz_1_2 17
24 hz_1_2 19
24 y_1_2 20
24 y_1_2 21
24 hz_1_2 22
24 hz_1_2 23
24 y_1_2 25
24 x_1_2 26
24 x_1_2 27
24 hz_1_2 28
24 y_1_2 29
24 x_1_2 31
24 x_1_2 32
24 x_1_2 33
24 hz_1_2 34
24 y_1_2 35
24 y_1_2 36
24 hz_1_2 37
24 x_1_2 38
24 y_1_2 39
24 y_1_2 40
24 y_1_2 41
24 x_1_2 43
24 y_1_2 44
24 x_1_2 45
24 y_1_2 46
24 hz_1_2 47
24 x_1_2 48
24 hz_1_2 49
24 hz_1_2 50
24 hz_1_2 51
24 x_1_2 52
24 x_1_2 53
24 hz_1_2 55
24 x_1_2 56
24 hz_1_2 57
24 x_1_2 58
24 y_1_2 59
24 x_1_2 61
24 hz_1_2 62
24 x_1_2 63
24 hz_1_2 64
25 fsimplus(1.5979554653167725, -0.10773517191410065, 1.4501397609710693, 3.719292402267456, -402.0083193396308) 3 9
25 fsimplus(1.6206047534942627, -0.1272132694721222, -0.9637511372566223, -0.9392303228378296, -461.38959037578627) 4 10
25 fsimplus(1.5413240194320679, -0.1283116191625595, 0.8466215133666992, 0.6190890073776245, -415.3123084966732) 7 12
25 fsimplus(1.6063297986984253, -0.11263466626405716, 0.40882909297943115, 0.8336535692214966, 326.0579697291824) 8 13
25 fsimplus(1.5983155965805054, -0.158058762550354, -0.4594337046146393, 0.4942000210285187, -196.9618406400943) 14 20
25 fsimplus(1.59918212890625, -0.12558265030384064, -0.4692456126213074, -1.0348939895629883, -279.1894659899272) 15 21
25 fsimplus(1.5381124019622803, -0.129357248544693, -0.18845537304878235, -1.3278207778930664, 420.56224214050377) 16 22
25 fsimplus(1.5323961973190308, -0.14528799057006836, 1.5222502946853638, -0.08053646981716156, -336.66793109134437) 23 28
25 fsimplus(1.6076531410217285, -0.14802110195159912, -0.053584180772304535, -1.5703483819961548, -248.0680410248889) 25 31
25 fsimplus(1.5436575412750244, -0.15254975855350494, 0.6418281197547913, -0.5436755418777466, 545.7572925755037) 26 32
25 fsimplus(1.598997950553894, -0.13433457911014557, 1.3404016494750977, 0.9307005405426025, -217.39477936750885) 27 33
25 fsimplus(1.5955685377120972, -0.13304831087589264, -0.44950228929519653, -2.0927577018737793, -105.12968304520795) 34 39
25 fsimplus(1.5310243368148804, -0.15074193477630615, 0.36913245916366577, 0.9948738217353821, -388.4337419558395) 35 40
25 fsimplus(1.5274745225906372, -0.1400471180677414, 1.2695279121398926, 0.0011498271487653255, 681.409377279202) 37 43
25 fsimplus(1.531766653060913, -0.15104913711547852, 1.444717288017273, -0.46212872862815857, -308.7428260807048) 38 44
25 fsimplus(1.5244033336639404, -0.12593550980091095, -0.7218642830848694, 2.821868658065796, -118.58184975724707) 45 50
25 fsimplus(1.605748176574707, -0.1509491205215454, -1.514675259590149, -0.2703818082809448, 493.6697590017595) 46 51
25 fsimplus(1.531211256980896, -0.12840406596660614, -0.6747065782546997, -1.5842417478561401, 450.2680560287833) 47 52
25 fsimplus(1.5358898639678955, -0.13996633887290955, 0.7505143284797668, 0.7865577936172485, -204.79747982617428) 49 55
25 fsimplus(1.6150641441345215, -0.1307845413684845, 0.2545004189014435, 2.9044272899627686, 506.2578123701324) 56 61
25 fsimplus(1.5325641632080078, -0.12452762573957443, -0.5045234560966492, -1.5445146560668945, 443.1553325369344) 57 62
25 fsimplus(1.5275187492370605, -0.1414560079574585, 0.0701705813407898, 1.5085934400558472, -237.6944926622197) 58 63
25 fsimplus(1.6067646741867065, -0.12805402278900146, -1.052878737449646, 0.5938245058059692, 471.39369030113556) 59 64
26 hz_1_2 1
26 hz_1_2 2
26 y_1_2 3
26 y_1_2 4
26 x_1_2 7
26 x_1_2 8
26 y_1_2 9
26 hz_1_2 10
26 x_1_2 11
26 x_1_2 12
26 y_1_2 13
26 y_1_2 14
26 hz_1_2 15
26 x_1_2 16
26 y_1_2 17
26 x_1_2 19
26 x_1_2 20
26 hz_1_2 21
26 x_1_2 22
26 y_1_2 23
26 x_1_2 25
26 y_1_2 26
26 hz_1_2 27
26 y_1_2 28
26 hz_1_2 29
26 y_1_2 31
26 hz_1_2 32
26 y_1_2 33
26 x_1_2 34
26 x_1_2 35
26 x_1_2 36
26 x_1_2 37
26 y_1_2 38
26 hz_1_2 39
26 hz_1_2 40
26 x_1_2 41
26 y_1_2 43
26 hz_1_2 44
26 y_1_2 45
26 x_1_2 46
26 x_1_2 47
26 hz_1_2 48
26 x_1_2 49
26 x_1_2 50
26 y_1_2 51
26 hz_1_2 52
26 hz_1_2 53
26 y_1_2 55
26 y_1_2 56
26 x_1_2 57
26 y_1_2 58
26 x_1_2 59
26 hz_1_2 61
26 x_1_2 62
26 y_1_2 63
26 y_1_2 64
27 fsimplus(1.5446350574493408, -0.13468104600906372, -0.6687090992927551, -0.795185387134552, 590.6262789702018) 1 7
27 fsimplus(1.5307981967926025, -0.13552452623844147, 1.5385503768920898, -0.1771245002746582, -548.4381677996594) 2 8
27 fsimplus(1.617964506149292, -0.12122070789337158, 0.6821352243423462, -0.6313515901565552, 552.412124941473) 9 14
27 fsimplus(1.632840633392334, -0.1428118646144867, 0.6131274700164795, 0.17972370982170105, 143.73270362954437) 10 15
27 fsimplus(1.5432918071746826, -0.11193565279245377, 0.8540021777153015, -0.0955786183476448, -203.15950595611773) 11 16
27 fsimplus(1.5604987144470215, -0.1448139250278473, -0.7449406385421753, 0.565971314907074, -155.89793591279096) 13 19
27 fsimplus(1.5242356061935425, -0.14853712916374207, -0.8374187350273132, 2.2156941890716553, -490.9991045889979) 17 23
27 fsimplus(1.5479425191879272, -0.09543639421463013, 0.38279932737350464, -0.35853591561317444, -170.78224786845686) 20 25
27 fsimplus(1.6059616804122925, -0.1287727802991867, -1.3430296182632446, -0.7409613132476807, -717.656384076237) 21 26
27 fsimplus(1.5293766260147095, -0.14510102570056915, 0.6160158514976501, 0.7413054704666138, -230.65263177103992) 22 27
27 fsimplus(1.5485318899154663, -0.134323388338089, 0.973257303237915, 0.460052490234375, -217.89905895909192) 28 34
27 fsimplus(1.6048939228057861, -0.13388706743717194, -0.29760903120040894, -1.6896480321884155, -469.0480786196405) 29 35
27 fsimplus(1.5176513195037842, -0.13378562033176422, -0.5584571361541748, 1.9715285301208496, -290.3809094945818) 31 36
27 fsimplus(1.5248841047286987, -0.11243146657943726, 1.43203866481781, 1.06298828125, -624.8062879456867) 32 37
27 fsimplus(1.6163146495819092, -0.1473688781261444, 1.085403323173523, 2.295940637588501, 578.7479133398573) 33 38
27 fsimplus(1.6081222295761108, -0.11798654496669769, -1.2561837434768677, 1.0439376831054688, 707.9701973556486) 39 45
27 fsimplus(1.5173612833023071, -0.13742820918560028, -0.46315112709999084, -2.284120559692383, 111.45310934987327) 40 46
27 fsimplus(1.6117135286331177, -0.12957586348056793, 0.2832072675228119, 1.8054405450820923, -466.6672094066141) 41 47
27 fsimplus(1.5955312252044678, -0.1527898609638214, 0.8986088633537292, 0.08721911907196045, -199.090373239773) 43 48
27 fsimplus(1.5399425029754639, -0.155563086271286, 0.28087669610977173, 0.691842257976532, -418.56808022269183) 44 49
27 fsimplus(1.630867600440979, -0.1396857649087906, -0.01795892044901848, 1.9695262908935547, -98.39260127119364) 50 56
27 fsimplus(1.6132863759994507, -0.13656151294708252, -1.5900704860687256, 0.08506719768047333, -720.7799126785793) 51 57
27 fsimplus(1.5439438819885254, -0.13192331790924072, -0.459609717130661, -1.8153867721557617, 657.5724614430434) 52 58
27 fsimplus(1.6094332933425903, -0.12019175291061401, 0.2479204535484314, 0.6788816452026367, 714.2555270005823) 53 59
28 x_1_2 1
28 x_1_2 2
28 hz_1_2 3
28 x_1_2 4
28 y_1_2 7
28 hz_1_2 8
28 hz_1_2 9
28 y_1_2 10
28 y_1_2 11
28 y_1_2 12
28 hz_1_2 13
28 hz_1_2 14
28 y_1_2 15
28 y_1_2 16
28 hz_1_2 17
28 y_1_2 19
28 y_1_2 20
28 y_1_2 21
28 y_1_2 22
28 hz_1_2 23
28 hz_1_2 25
28 hz_1_2 26
28 y_1_2 27
28 hz_1_2 28
28 x_1_2 29
28 hz_1_2 31
28 y_1_2 32
28 hz_1_2 33
28 hz_1_2 34
28 y_1_2 35
28 hz_1_2 36
28 hz_1_2 37
28 hz_1_2 38
28 x_1_2 39
28 y_1_2 40
28 hz_1_2 41
28 x_1_2 43
28 y_1_2 44
28 x_1_2 45
28 hz_1_2 46
28 y_1_2 47
28 x_1_2 48
28 hz_1_2 49
28 hz_1_2 50
28 x_1_2 51
28 x_1_2 52
28 x_1_2 53
28 hz_1_2 55
28 x_1_2 56
28 hz_1_2 57
28 hz_1_2 58
28 y_1_2 59
28 x_1_2 61
28 y_1_2 62
28 x_1_2 63
28 x_1_2 64