60
0 x_1_2 0
0 x_1_2 1
0 y_1_2 2
0 x_1_2 3
0 x_1_2 6
0 hz_1_2 7
0 x_1_2 8
0 y_1_2 9
0 hz_1_2 10
0 hz_1_2 12
0 hz_1_2 13
0 x_1_2 14
0 hz_1_2 15
0 x_1_2 16
0 x_1_2 18
0 hz_1_2 19
0 x_1_2 20
0 hz_1_2 21
0 y_1_2 23
0 y_1_2 24
0 hz_1_2 25
0 hz_1_2 26
0 hz_1_2 27
0 x_1_2 28
0 hz_1_2 29
0 hz_1_2 30
0 hz_1_2 31
0 x_1_2 32
0 x_1_2 33
0 x_1_2 34
0 hz_1_2 35
0 y_1_2 36
0 y_1_2 37
0 hz_1_2 38
0 x_1_2 39
0 hz_1_2 40
0 x_1_2 41
0 x_1_2 42
0 hz_1_2 43
0 hz_1_2 44
0 hz_1_2 45
0 y_1_2 46
0 x_1_2 47
0 y_1_2 48
0 x_1_2 49
0 hz_1_2 50
0 y_1_2 51
0 y_1_2 52
0 x_1_2 53
0 hz_1_2 54
0 x_1_2 55
0 x_1_2 56
0 x_1_2 57
0 y_1_2 58
0 x_1_2 59
0 x_1_2 60
0 hz_1_2 61
0 hz_1_2 62
0 y_1_2 63
0 y_1_2 64
1 fsimplus(1.554813318184734, 0.17115033852711423, 2.057718506270753, 4.621337419008205, -3.622699867527171) 6 0
1 fsimplus(1.617587522124445, 0.1864674211507345, 3.801346051288009, 0.7468647862650942, 20.382326278020447) 7 1
1 fsimplus(1.6149689381890016, 0.17359160412568936, 0.6576320022963575, -0.46700043469826036, 16.02648434541068) 8 2
1 fsimplus(1.6223226842474594, 0.19366983967877338, 0.7456684719295718, 5.239552343923718, 15.412233915417373) 14 9
1 fsimplus(1.487436780299362, 0.1901629928713372, 2.7622818688712103, 0.7799723106673981, 0.5487215280234463) 18 12
1 fsimplus(1.6435048323564838, 0.18558129929929135, 5.1261200911116305, 3.0307240415075145, -15.50596306315381) 19 13
1 fsimplus(1.522321796326267, 0.17374701010935806, 1.9118235921772073, -0.0445304666894182, 15.172998760987877) 21 15
1 fsimplus(1.4540653938517085, 0.22434005431948767, 0.7711883138106613, 4.178956337386217, -2.2020831678070127) 25 20
1 fsimplus(1.693964406393222, 0.2023570223687558, 2.741447788247532, 5.4129908564599525, -15.8985196255535) 30 24
1 fsimplus(1.534805978898251, 0.19239629837023348, 2.0098807636851506, 3.4871251766553764, 22.086886208376526) 32 26
1 fsimplus(1.5246514054446156, 0.19667887844266857, 5.130342472876328, 3.449011780232967, -1.825749119305271) 33 27
1 fsimplus(1.6187235383224703, 0.17148872209725452, 2.9578541073047164, 4.971663832211158, 15.937400887405264) 34 28
1 fsimplus(1.5986250064534524, 0.18174274478336852, 3.904029593208312, 1.7241686687062316, -13.034921683277531) 36 31
1 fsimplus(1.5220985013756725, 0.184012906984792, 0.2606044020832379, 5.076304986459901, -7.326531695187306) 40 35
1 fsimplus(1.7513157451775414, 0.21349263240127236, 1.2430973792188236, 5.546245972391095, 13.851566420270323) 43 37
1 fsimplus(1.4854398807881286, 0.18380798829990325, 6.018959450154913, 5.267453304042174, -1.7492463014601134) 44 38
1 fsimplus(1.5212079099576656, 0.18990553538105204, 0.6246777594572306, 5.216168429439259, 13.335576876116136) 45 39
1 fsimplus(1.5362247756777083, 0.17678685482749415, 4.025681792249035, 3.279835198778902, 27.728358466018705) 47 41
1 fsimplus(1.4665796614666204, 0.1740392157855674, 0.740910911798692, 0.8241596997794423, 9.651568516627965) 51 46
1 fsimplus(1.538906169993279, 0.1944704722644174, 2.261364019464514, 0.5230613358488725, -4.3532408777851455) 54 48
1 fsimplus(1.604351708814667, 0.1946733890860295, 0.20080924995457664, 2.6009619069277754, 7.292222794436083) 55 49
1 fsimplus(1.6610458128616306, 0.1854491152072365, 1.0379817547595889, 7.471721955965009, -24.59038425687952) 56 50
1 fsimplus(1.600902979819916, 0.1762463689438183, 3.043918310189749, 4.716194365783786, -26.425076799581678) 58 52
1 fsimplus(1.6499870045085605, 0.1454577740724893, 2.053590321606599, 1.8453049209620753, 12.140317385445451) 59 53
1 fsimplus(1.606815321001305, 0.18446359539534987, 2.8906115702015356, 2.9455250398224235, -5.602647830900298) 62 57
2 y_1_2 0
2 hz_1_2 1
2 hz_1_2 2
2 y_1_2 3
2 hz_1_2 6
2 y_1_2 7
2 y_1_2 8
2 x_1_2 9
2 y_1_2 10
2 y_1_2 12
2 x_1_2 13
2 y_1_2 14
2 y_1_2 15
2 y_1_2 16
2 hz_1_2 18
2 x_1_2 19
2 y_1_2 20
2 x_1_2 21
2 x_1_2 23
2 hz_1_2 24
2 y_1_2 25
2 y_1_2 26
2 y_1_2 27
2 y_1_2 28
2 x_1_2 29
2 y_1_2 30
2 x_1_2 31
2 y_1_2 32
2 hz_1_2 33
2 y_1_2 34
2 y_1_2 35
2 x_1_2 36
2 hz_1_2 37
2 y_1_2 38
2 y_1_2 39
2 y_1_2 40
2 hz_1_2 41
2 hz_1_2 42
2 x_1_2 43
2 y_1_2 44
2 x_1_2 45
2 hz_1_2 46
2 hz_1_2 47
2 x_1_2 48
2 y_1_2 49
2 x_1_2 50
2 x_1_2 51
2 x_1_2 52
2 y_1_2 53
2 y_1_2 54
2 hz_1_2 55
2 hz_1_2 56
2 y_1_2 57
2 hz_1_2 58
2 y_1_2 59
2 y_1_2 60
2 x_1_2 61
2 x_1_2 62
2 x_1_2 63
2 hz_1_2 64
3 fsimplus(1.5418050861783477, 0.17421270774349393, 2.704501058368248, 0.24853609331538176, 7.820658916202703) 9 3
3 fsimplus(1.6221173243049871, 0.17375092175007928, 0.7563148627969938, 5.852502350446331, -3.2980635366809077) 12 7
3 fsimplus(1.611488102919184, 0.19120833380586139, 0.378782506802781, 5.808328931908534, -2.6230636550080115) 13 8
3 fsimplus(1.6198933653293974, 0.18150295286580212, 0.9093116821329097, 3.671267744051753, 6.730029433623362) 15 10
3 fsimplus(1.6627224340346989, 0.15195652678065327, 3.4772494421605797, 4.695941090812999, 10.642661217887476) 20 14
3 fsimplus(1.5518347896233031, 0.16812426032413502, 3.8860285707457862, 2.7249170602248425, -12.402643561017967) 24 19
3 fsimplus(1.6593234001518593, 0.19084934293654326, 0.23473098985299562, 0.4390405320688908, 19.71845477599693) 26 21
3 fsimplus(1.5186341420556513, 0.15661128652423423, 3.9944679418440208, 7.141688785630099, 14.681917013789297) 28 23
3 fsimplus(1.595996625111896, 0.16817129713493012, 5.365486477765819, 2.513364818250702, -17.123654667130317) 31 25
3 fsimplus(1.5810917433275087, 0.16177875932077235, 5.57039034859706, 4.40037883355617, -7.1528407149443485) 35 29
3 fsimplus(1.5503663504476375, 0.18521899710000794, 2.866390678615174, 5.8183020962126495, 16.63842198457102) 37 32
3 fsimplus(1.5889390519909448, 0.16444211959926386, 3.971950566871788, 3.9080230777914884, 0.7183977285795722) 38 33
3 fsimplus(1.6158999744517097, 0.1813657503335077, 4.651116049108049, 4.725972612246377, 20.643492149079883) 39 34
3 fsimplus(1.6624282526646224, 0.21322095657106724, 2.2866980864526267, 5.936971083603144, -7.211137730654592) 42 36
3 fsimplus(1.6104854616409967, 0.18994748060348987, 1.4028154705615852, 0.7160068505360206, 7.321154431965889) 46 40
3 fsimplus(1.5392032062221053, 0.19861239813832426, 2.788215968181282, 0.4070288692346923, 26.37473367909684) 48 43
3 fsimplus(1.5095981849509559, 0.20200039182538715, 5.940887890855908, 0.6536681647769909, 24.7179892276817) 49 44
3 fsimplus(1.6650386357289793, 0.19711690533502987, 5.4294358536623815, 0.5696768149295272, 5.979940581473516) 50 45
3 fsimplus(1.6213816814338031, 0.18739012175119282, 1.9102838360681291, 2.8846164185712007, -5.115273409094532) 52 47
3 fsimplus(1.499480188417732, 0.1812224014276746, 2.37289106045266, 1.2211766274540246, 13.308362777078663) 57 51
3 fsimplus(1.6186228896198394, 0.18864356234044033, 3.669523868003675, 1.9493164784311823, 19.158459780509123) 60 55
3 fsimplus(1.5995999157536334, 0.15554307060899167, 4.912937943663016, 0.7372204778546094, -9.29589722813341) 61 56
3 fsimplus(1.6103105200761645, 0.17638372672372618, 2.0695729689674316, 4.4949771769760645, 4.411063190313664) 63 58
3 fsimplus(1.518064567090477, 0.1683076185926264, 5.95766804669132, 3.232221715947918, 6.291562115911395) 64 59
4 x_1_2 0
4 x_1_2 1
4 x_1_2 2
4 x_1_2 3
4 y_1_2 6
4 hz_1_2 7
4 hz_1_2 8
4 y_1_2 9
4 x_1_2 10
4 hz_1_2 12
4 hz_1_2 13
4 hz_1_2 14
4 x_1_2 15
4 x_1_2 16
4 x_1_2 18
4 y_1_2 19
4 x_1_2 20
4 y_1_2 21
4 hz_1_2 23
4 y_1_2 24
4 hz_1_2 25
4 x_1_2 26
4 x_1_2 27
4 hz_1_2 28
4 hz_1_2 29
4 hz_1_2 30
4 hz_1_2 31
4 hz_1_2 32
4 y_1_2 33
4 x_1_2 34
4 x_1_2 35
4 y_1_2 36
4 x_1_2 37
4 hz_1_2 38
4 hz_1_2 39
4 hz_1_2 40
4 y_1_2 41
4 x_1_2 42
4 y_1_2 43
4 hz_1_2 44
4 hz_1_2 45
4 y_1_2 46
4 y_1_2 47
4 y_1_2 48
4 hz_1_2 49
4 hz_1_2 50
4 hz_1_2 51
4 hz_1_2 52
4 hz_1_2 53
4 hz_1_2 54
4 y_1_2 55
4 x_1_2 56
4 x_1_2 57
4 y_1_2 58
4 hz_1_2 59
4 x_1_2 60
4 y_1_2 61
4 y_1_2 62
4 hz_1_2 63
4 x_1_2 64
5 fsimplus(1.5111000218423718, 0.18851668908741537, 4.836132603660779, 2.8661710310990633, -16.79859692656536) 8 1
5 fsimplus(1.6147525071957927, 0.20538204177345148, 0.8656208258594706, 4.696888319035786, -49.928571789230396) 12 6
5 fsimplus(1.6257201104909433, 0.19526325413381526, 0.9034369828492252, -1.6518103146696423, 13.219099763068177) 13 7
5 fsimplus(1.5882083752489913, 0.1775257866708262, 4.5723022902425114, 0.7834081398167787, -59.43587457788321) 15 9
5 fsimplus(1.5282839331524347, 0.17639072081808124, 0.2992989228489088, 1.1457443017190823, -26.24182027197585) 16 10
5 fsimplus(1.4889601440593194, 0.15821585835324153, 4.13550441268894, 7.444647416590335, -56.486746744963135) 21 14
5 fsimplus(1.633093575964243, 0.1766912514466733, 6.151473748517247, 0.3439847532990534, 16.960641932387702) 24 18
5 fsimplus(1.5848342290494837, 0.17966143511055732, 4.503060009593452, 2.6645878836750114, 29.143201114681375) 25 19
5 fsimplus(1.4896442155534313, 0.16093773276066844, 3.099351835367761, 4.7088208957324635, -27.71071076661142) 26 20
5 fsimplus(1.5448744795528868, 0.18650811021575875, 3.7971011153959964, 6.177618979156779, 88.58927436726815) 29 23
5 fsimplus(1.5215259747655119, 0.2054174119641903, 2.1634289586900426, 1.3802473095580605, 16.274769352583096) 34 27
5 fsimplus(1.488228890352192, 0.2040699096082326, 0.11719677486006808, 0.8897563008822977, 14.064786279414635) 36 30
5 fsimplus(1.634673313678135, 0.18159591219656301, 4.156168534739736, 1.1373657096222864, 14.912648510375918) 37 31
5 fsimplus(1.5104448047274053, 0.19308567953610373, 2.971981942882328, 3.796318972363654, -23.251814387633324) 38 32
5 fsimplus(1.5963601162818506, 0.16588753264555217, 0.34318664166409224, -0.11477774775633726, 41.14181244429904) 39 33
5 fsimplus(1.5264703212260442, 0.18458042457500426, 3.5692388773787007, 0.6587657897111371, 59.250247816927335) 41 35
5 fsimplus(1.4826199710508585, 0.2017736956583126, 0.6166018038454444, -0.14125594150449738, -39.62185080027713) 47 40
5 fsimplus(1.6075526349869267, 0.19964878832470528, 4.136656054392035, 2.6169515445329203, 45.97353769752817) 48 42
5 fsimplus(1.5460259622551327, 0.19095299837261212, 1.4910243858456627, 1.762309444552757, 37.20373954995619) 49 43
5 fsimplus(1.5248058512709366, 0.1891828956369637, 0.9605334989817942, 5.247466413454192, 29.924144477831472) 50 44
5 fsimplus(1.5484290595369128, 0.15997879928341885, 0.3483542335222857, 0.054439637267940974, 50.26636131209585) 51 45
5 fsimplus(1.6199326893746826, 0.18611975284948473, 4.444340744509945, 0.780475614526548, -67.83996194710997) 52 46
5 fsimplus(1.642355841294816, 0.19157656051668484, 3.7176348551729435, 1.4300810763225351, -26.684184508816237) 60 54
5 fsimplus(1.6644388038489115, 0.19502903097921787, 2.645621719140952, 6.583555405509486, 23.89076445009845) 61 55
5 fsimplus(1.4801091798312997, 0.18624158598287344, 1.1497290335852894, 4.158225492522211, 18.957271203165487) 62 56
5 fsimplus(1.5290492923199186, 0.1541478993990685, 1.1707844543376233, 5.425214521069728, 31.45643563068147) 63 57
5 fsimplus(1.6140740175489499, 0.18634429320957113, 1.2432219867536267, 0.5027160788143354, -41.14822988630336) 64 58
6 y_1_2 0
6 hz_1_2 1
6 hz_1_2 2
6 hz_1_2 3
6 hz_1_2 6
6 x_1_2 7
6 x_1_2 8
6 hz_1_2 9
6 y_1_2 10
6 y_1_2 12
6 x_1_2 13
6 x_1_2 14
6 y_1_2 15
6 y_1_2 16
6 y_1_2 18
6 hz_1_2 19
6 y_1_2 20
6 hz_1_2 21
6 y_1_2 23
6 hz_1_2 24
6 x_1_2 25
6 y_1_2 26
6 hz_1_2 27
6 x_1_2 28
6 y_1_2 29
6 y_1_2 30
6 y_1_2 31
6 y_1_2 32
6 hz_1_2 33
6 hz_1_2 34
6 hz_1_2 35
6 hz_1_2 36
6 hz_1_2 37
6 y_1_2 38
6 y_1_2 39
6 x_1_2 40
6 hz_1_2 41
6 y_1_2 42
6 hz_1_2 43
6 y_1_2 44
6 x_1_2 45
6 hz_1_2 46
6 x_1_2 47
6 x_1_2 48
6 x_1_2 49
6 y_1_2 50
6 y_1_2 51
6 x_1_2 52
6 y_1_2 53
6 x_1_2 54
6 hz_1_2 55
6 y_1_2 56
6 hz_1_2 57
6 x_1_2 58
6 y_1_2 59
6 y_1_2 60
6 x_1_2 61
6 x_1_2 62
6 y_1_2 63
6 y_1_2 64
7 fsimplus(1.6174677510208517, 0.16281864892568088, 1.444629574659949, 2.2662285417691215, -19.724558871446085) 7 0
7 fsimplus(1.5232017019520603, 0.17227777016215728, 0.28495291257941624, 2.46080341943929, 38.79033825783976) 9 2
7 fsimplus(1.5964347010911553, 0.170217972688955, 2.140035573741915, 6.771191207458802, -92.49340358561506) 10 3
7 fsimplus(1.6785877166925074, 0.1861827087498819, 1.0734489779294656, 1.8514593884192125, 30.108652778988734) 14 8
7 fsimplus(1.6300424014432686, 0.22659667037143416, 2.47895000247167, 5.566612564683753, 116.5706648660893) 19 12
7 fsimplus(1.5573211971981107, 0.19330357040557405, 3.3054510072453613, 0.4633338860064212, 106.61250282572198) 20 13
7 fsimplus(1.6170309820114532, 0.17883039227347738, 1.4880530099237421, 2.2249309361955816, -21.98101821536493) 23 16
7 fsimplus(1.5441797176608576, 0.19488313274977748, 1.049757569029412, 3.603289959333323, -37.9578934438153) 27 21
7 fsimplus(1.4597752978599656, 0.18749661303051007, 5.846944463684973, 4.118933341329517, 26.598577257806678) 31 24
7 fsimplus(1.6259141016545344, 0.18796568969322663, 4.003352537855213, 0.267023918096889, -147.72181765583875) 32 25
7 fsimplus(1.5354600170291066, 0.15969285906607322, 2.3652263159037084, 0.3725147314824201, -104.31230230183894) 33 26
7 fsimplus(1.4773023047267158, 0.17640223085957663, 4.726622314079438, 0.662284469789647, 40.74808543884363) 35 28
7 fsimplus(1.446246967921287, 0.18203441327314945, 1.7476605215307086, 5.959642360922152, 141.9490111821476) 40 34
7 fsimplus(1.5183336261508051, 0.18951537564968027, 4.457733789666268, 3.0261900793837375, -115.91894510267554) 43 36
7 fsimplus(1.5293384627578517, 0.16564903041123996, 0.529442776203834, 6.4608204022483, -104.1409087590948) 44 37
7 fsimplus(1.5219203295597623, 0.16640021727397925, 4.582968042559623, 4.074122181547817, 36.95044373110567) 45 38
7 fsimplus(1.5426390007511879, 0.16031262152930903, 0.3743525389974256, 5.478767869589251, 80.75741514197674) 46 39
7 fsimplus(1.6312030867287959, 0.19762629524357667, 4.973872972803321, 6.59333776624377, 72.60565004385559) 53 47
7 fsimplus(1.5315116011297059, 0.19383163981463042, 3.1169466378227533, 6.661884563584321, -109.34400466848655) 55 48
7 fsimplus(1.4955839404919338, 0.20596697911407225, 6.216096569314644, 5.9059069245245, 74.95719847476141) 56 49
7 fsimplus(1.6027482868547813, 0.14664101449082007, 0.3018835225227273, 2.120296006553163, 116.23538892195343) 57 50
7 fsimplus(1.594657436077075, 0.162031414039307, 3.6745708832508344, 5.9958021553120435, 83.6580762518993) 58 51
7 fsimplus(1.6172667644620047, 0.1800375848050927, 1.880811032930498, 1.9643660583966098, 50.036364439977866) 59 52
8 x_1_2 0
8 y_1_2 1
8 y_1_2 2
8 x_1_2 3
8 x_1_2 6
8 hz_1_2 7
8 hz_1_2 8
8 y_1_2 9
8 hz_1_2 10
8 x_1_2 12
8 y_1_2 13
8 y_1_2 14
8 hz_1_2 15
8 hz_1_2 16
8 hz_1_2 18
8 y_1_2 19
8 hz_1_2 20
8 y_1_2 21
8 hz_1_2 23
8 x_1_2 24
8 hz_1_2 25
8 hz_1_2 26
8 y_1_2 27
8 y_1_2 28
8 hz_1_2 29
8 hz_1_2 30
8 x_1_2 31
8 x_1_2 32
8 y_1_2 33
8 x_1_2 34
8 x_1_2 35
8 x_1_2 36
8 y_1_2 37
8 hz_1_2 38
8 x_1_2 39
8 y_1_2 40
8 y_1_2 41
8 hz_1_2 42
8 y_1_2 43
8 x_1_2 44
8 hz_1_2 45
8 x_1_2 46
8 y_1_2 47
8 hz_1_2 48
8 hz_1_2 49
8 x_1_2 50
8 x_1_2 51
8 y_1_2 52
8 x_1_2 53
8 hz_1_2 54
8 x_1_2 55
8 x_1_2 56
8 x_1_2 57
8 hz_1_2 58
8 x_1_2 59
8 x_1_2 60
8 hz_1_2 61
8 hz_1_2 62
8 x_1_2 63
8 hz_1_2 64
9 fsimplus(1.5111000218423718, 0.18851668908741537, 4.836132603660779, 2.8661710310990633, -46.354700611538135) 8 1
9 fsimplus(1.6147525071957927, 0.20538204177345148, 0.8656208258594706, 4.696888319035786, -119.50856588093714) 12 6
9 fsimplus(1.6257201104909433, 0.19526325413381526, 0.9034369828492252, -1.6518103146696423, 27.258249013430245) 13 7
9 fsimplus(1.5882083752489913, 0.1775257866708262, 4.5723022902425114, 0.7834081398167787, -141.94666403176552) 15 9
9 fsimplus(1.5282839331524347, 0.17639072081808124, 0.2992989228489088, 1.1457443017190823, -63.18694987819181) 16 10
9 fsimplus(1.4889601440593194, 0.15821585835324153, 4.13550441268894, 7.444647416590335, -135.91877539832748) 21 14
9 fsimplus(1.633093575964243, 0.1766912514466733, 6.151473748517247, 0.3439847532990534, 36.66471105570289) 24 18
9 fsimplus(1.5848342290494837, 0.17966143511055732, 4.503060009593452, 2.6645878836750114, 65.47257856079375) 25 19
9 fsimplus(1.4896442155534313, 0.16093773276066844, 3.099351835367761, 4.7088208957324635, -67.11884901324179) 26 20
9 fsimplus(1.5448744795528868, 0.18650811021575875, 3.7971011153959964, 6.177618979156779, 206.19793694705564) 29 23
9 fsimplus(1.5215259747655119, 0.2054174119641903, 2.1634289586900426, 1.3802473095580605, 31.668573355173084) 34 27
9 fsimplus(1.488228890352192, 0.2040699096082326, 0.11719677486006808, 0.8897563008822977, 31.305846762315422) 36 30
9 fsimplus(1.634673313678135, 0.18159591219656301, 4.156168534739736, 1.1373657096222864, 31.537956833173105) 37 31
9 fsimplus(1.5104448047274053, 0.19308567953610373, 2.971981942882328, 3.796318972363654, -55.8866788731241) 38 32
9 fsimplus(1.5963601162818506, 0.16588753264555217, 0.34318664166409224, -0.11477774775633726, 95.3280025334158) 39 33
9 fsimplus(1.5264703212260442, 0.18458042457500426, 3.5692388773787007, 0.6587657897111371, 138.06652431018807) 41 35
9 fsimplus(1.4826199710508585, 0.2017736956583126, 0.6166018038454444, -0.14125594150449738, -93.86961610540425) 47 40
9 fsimplus(1.6075526349869267, 0.19964878832470528, 4.136656054392035, 2.6169515445329203, 106.93300154778453) 48 42
9 fsimplus(1.5460259622551327, 0.19095299837261212, 1.4910243858456627, 1.762309444552757, 79.69063859710455) 49 43
9 fsimplus(1.5248058512709366, 0.1891828956369637, 0.9605334989817942, 5.247466413454192, 65.02201760373664) 50 44
9 fsimplus(1.5484290595369128, 0.15997879928341885, 0.3483542335222857, 0.054439637267940974, 117.38334676338819) 51 45
9 fsimplus(1.6199326893746826, 0.18611975284948473, 4.444340744509945, 0.780475614526548, -159.58703380254627) 52 46
9 fsimplus(1.642355841294816, 0.19157656051668484, 3.7176348551729435, 1.4300810763225351, -66.7080749155502) 60 54
9 fsimplus(1.6644388038489115, 0.19502903097921787, 2.645621719140952, 6.583555405509486, 47.905098694138836) 61 55
9 fsimplus(1.4801091798312997, 0.18624158598287344, 1.1497290335852894, 4.158225492522211, 38.04558816637707) 62 56
9 fsimplus(1.5290492923199186, 0.1541478993990685, 1.1707844543376233, 5.425214521069728, 70.24882171720824) 63 57
9 fsimplus(1.6140740175489499, 0.18634429320957113, 1.2432219867536267, 0.5027160788143354, -100.7530389843318) 64 58
10 y_1_2 0
10 x_1_2 1
10 x_1_2 2
10 hz_1_2 3
10 hz_1_2 6
10 y_1_2 7
10 x_1_2 8
10 hz_1_2 9
10 y_1_2 10
10 y_1_2 12
10 hz_1_2 13
10 hz_1_2 14
10 x_1_2 15
10 x_1_2 16
10 x_1_2 18
10 x_1_2 19
10 y_1_2 20
10 x_1_2 21
10 y_1_2 23
10 hz_1_2 24
10 x_1_2 25
10 y_1_2 26
10 x_1_2 27
10 hz_1_2 28
10 y_1_2 29
10 x_1_2 30
10 hz_1_2 31
10 hz_1_2 32
10 hz_1_2 33
10 hz_1_2 34
10 hz_1_2 35
10 hz_1_2 36
10 hz_1_2 37
10 x_1_2 38
10 hz_1_2 39
10 x_1_2 40
10 hz_1_2 41
10 y_1_2 42
10 hz_1_2 43
10 y_1_2 44
10 x_1_2 45
10 hz_1_2 46
10 hz_1_2 47
10 y_1_2 48
10 y_1_2 49
10 y_1_2 50
10 hz_1_2 51
10 x_1_2 52
10 hz_1_2 53
10 x_1_2 54
10 y_1_2 55
10 y_1_2 56
10 y_1_2 57
10 x_1_2 58
10 y_1_2 59
10 y_1_2 60
10 x_1_2 61
10 x_1_2 62
10 hz_1_2 63
10 y_1_2 64
11 fsimplus(1.6174677510208517, 0.16281864892568088, 1.444629574659949, 2.2662285417691215, -40.53698188294774) 7 0
11 fsimplus(1.5232017019520603, 0.17227777016215728, 0.28495291257941624, 2.46080341943929, 69.57794626301973) 9 2
11 fsimplus(1.5964347010911553, 0.170217972688955, 2.140035573741915, 6.771191207458802, -171.30968007887577) 10 3
11 fsimplus(1.6785877166925074, 0.1861827087498819, 1.0734489779294656, 1.8514593884192125, 53.50723486292553) 14 8
11 fsimplus(1.6300424014432686, 0.22659667037143416, 2.47895000247167, 5.566612564683753, 210.16499320183647) 19 12
11 fsimplus(1.5573211971981107, 0.19330357040557405, 3.3054510072453613, 0.4633338860064212, 187.27603579929354) 20 13
11 fsimplus(1.6170309820114532, 0.17883039227347738, 1.4880530099237421, 2.2249309361955816, -44.14809597909452) 23 16
11 fsimplus(1.5441797176608576, 0.19488313274977748, 1.049757569029412, 3.603289959333323, -72.44001440961688) 27 21
11 fsimplus(1.4597752978599656, 0.18749661303051007, 5.846944463684973, 4.118933341329517, 43.83963774070746) 31 24
11 fsimplus(1.6259141016545344, 0.18796568969322663, 4.003352537855213, 0.267023918096889, -268.4092410361443) 32 25
11 fsimplus(1.5354600170291066, 0.15969285906607322, 2.3652263159037084, 0.3725147314824201, -188.05459607592852) 33 26
11 fsimplus(1.4773023047267158, 0.17640223085957663, 4.726622314079438, 0.662284469789647, 73.38294992433441) 35 28
11 fsimplus(1.446246967921287, 0.18203441327314945, 1.7476605215307086, 5.959642360922152, 255.3089838572203) 40 34
11 fsimplus(1.5183336261508051, 0.18951537564968027, 4.457733789666268, 3.0261900793837375, -213.82353855914786) 43 36
11 fsimplus(1.5293384627578517, 0.16564903041123996, 0.529442776203834, 6.4608204022483, -190.34621117359873) 44 37
11 fsimplus(1.5219203295597623, 0.16640021727397925, 4.582968042559623, 4.074122181547817, 61.58053013524966) 45 38
11 fsimplus(1.5426390007511879, 0.16031262152930903, 0.3743525389974256, 5.478767869589251, 143.56413547254388) 46 39
11 fsimplus(1.6312030867287959, 0.19762629524357667, 4.973872972803321, 6.59333776624377, 126.79184013297235) 53 47
11 fsimplus(1.5315116011297059, 0.19383163981463042, 3.1169466378227533, 6.661884563584321, -198.01231572340492) 55 48
11 fsimplus(1.4955839404919338, 0.20596697911407225, 6.216096569314644, 5.9059069245245, 133.45365368460338) 56 49
11 fsimplus(1.6027482868547813, 0.14664101449082007, 0.3018835225227273, 2.120296006553163, 207.98246077738972) 57 50
11 fsimplus(1.594657436077075, 0.162031414039307, 3.6745708832508344, 5.9958021553120435, 149.54355738298446) 58 51
11 fsimplus(1.6172667644620047, 0.1800375848050927, 1.880811032930498, 1.9643660583966098, 86.98149404619386) 59 52
12 x_1_2 0
12 hz_1_2 1
12 y_1_2 2
12 y_1_2 3
12 y_1_2 6
12 x_1_2 7
12 hz_1_2 8
12 x_1_2 9
12 x_1_2 10
12 hz_1_2 12
12 x_1_2 13
12 x_1_2 14
12 y_1_2 15
12 y_1_2 16
12 y_1_2 18
12 hz_1_2 19
12 hz_1_2 20
12 y_1_2 21
12 x_1_2 23
12 y_1_2 24
12 y_1_2 25
12 hz_1_2 26
12 y_1_2 27
12 x_1_2 28
12 hz_1_2 29
12 hz_1_2 30
12 x_1_2 31
12 y_1_2 32
12 x_1_2 33
12 x_1_2 34
12 x_1_2 35
12 x_1_2 36
12 y_1_2 37
12 y_1_2 38
12 x_1_2 39
12 y_1_2 40
12 x_1_2 41
12 hz_1_2 42
12 x_1_2 43
12 x_1_2 44
12 y_1_2 45
12 y_1_2 46
12 x_1_2 47
12 x_1_2 48
12 hz_1_2 49
12 x_1_2 50
12 y_1_2 51
12 y_1_2 52
12 x_1_2 53
12 y_1_2 54
12 x_1_2 55
12 x_1_2 56
12 x_1_2 57
12 hz_1_2 58
12 hz_1_2 59
12 x_1_2 60
12 hz_1_2 61
12 hz_1_2 62
12 x_1_2 63
12 x_1_2 64
13 fsimplus(1.554813318184734, 0.17115033852711423, 2.057718506270753, 4.621337419008205, 92.43463710863436) 6 0
13 fsimplus(1.617587522124445, 0.1864674211507345, 3.801346051288009, 0.7468647862650942, -171.36289637824046) 7 1
13 fsimplus(1.6149689381890016, 0.17359160412568936, 0.6576320022963575, -0.46700043469826036, -131.75403407945322) 8 2
13 fsimplus(1.6223226842474594, 0.19366983967877338, 0.7456684719295718, 5.239552343923718, -154.5353622731761) 14 9
13 fsimplus(1.487436780299362, 0.1901629928713372, 2.7622818688712103, 0.7799723106673981, 55.96641593734741) 18 12
13 fsimplus(1.6435048323564838, 0.18558129929929135, 5.1261200911116305, 3.0307240415075145, 172.91419792854765) 19 13
13 fsimplus(1.522321796326267, 0.17374701010935806, 1.9118235921772073, -0.0445304666894182, -145.53831502605163) 21 15
13 fsimplus(1.4540653938517085, 0.22434005431948767, 0.7711883138106613, 4.178956337386217, 53.21561124151695) 25 20
13 fsimplus(1.693964406393222, 0.2023570223687558, 2.741447788247532, 5.4129908564599525, 172.52164136614797) 30 24
13 fsimplus(1.534805978898251, 0.19239629837023348, 2.0098807636851506, 3.4871251766553764, -166.33327478332495) 32 26
13 fsimplus(1.5246514054446156, 0.19667887844266857, 5.130342472876328, 3.449011780232967, 81.30079249468066) 33 27
13 fsimplus(1.6187235383224703, 0.17148872209725452, 2.9578541073047164, 4.971663832211158, -102.28701385248586) 34 28
13 fsimplus(1.5986250064534524, 0.18174274478336852, 3.904029593208312, 1.7241686687062316, 175.38523930842393) 36 31
13 fsimplus(1.5220985013756725, 0.184012906984792, 0.2606044020832379, 5.076304986459901, 116.62437813366728) 40 35
13 fsimplus(1.7513157451775414, 0.21349263240127236, 1.2430973792188236, 5.546245972391095, -141.31797792583677) 43 37
13 fsimplus(1.4854398807881286, 0.18380798829990325, 6.018959450154913, 5.267453304042174, 25.959600903201867) 44 38
13 fsimplus(1.5212079099576656, 0.18990553538105204, 0.6246777594572306, 5.216168429439259, -110.43060730470738) 45 39
13 fsimplus(1.5362247756777083, 0.17678685482749415, 4.025681792249035, 3.279835198778902, -247.51285710029035) 47 41
13 fsimplus(1.4665796614666204, 0.1740392157855674, 0.740910911798692, 0.8241596997794423, -101.18382030201997) 51 46
13 fsimplus(1.538906169993279, 0.1944704722644174, 2.261364019464514, 0.5230613358488725, 52.91171001184962) 54 48
13 fsimplus(1.604351708814667, 0.1946733890860295, 0.20080924995457664, 2.6009619069277754, -64.75077993768507) 55 49
13 fsimplus(1.6610458128616306, 0.1854491152072365, 1.0379817547595889, 7.471721955965009, 276.5124220337807) 56 50
13 fsimplus(1.600902979819916, 0.1762463689438183, 3.043918310189749, 4.716194365783786, 335.63719334133486) 58 52
13 fsimplus(1.6499870045085605, 0.1454577740724893, 2.053590321606599, 1.8453049209620753, -104.23684087413487) 59 53
13 fsimplus(1.606815321001305, 0.18446359539534987, 2.8906115702015356, 2.9455250398224235, 77.52389378308564) 62 57
14 y_1_2 0
14 x_1_2 1
14 hz_1_2 2
14 hz_1_2 3
14 hz_1_2 6
14 y_1_2 7
14 y_1_2 8
14 hz_1_2 9
14 y_1_2 10
14 x_1_2 12
14 y_1_2 13
14 hz_1_2 14
14 hz_1_2 15
14 hz_1_2 16
14 x_1_2 18
14 y_1_2 19
14 y_1_2 20
14 hz_1_2 21
14 y_1_2 23
14 hz_1_2 24
14 hz_1_2 25
14 x_1_2 26
14 hz_1_2 27
14 y_1_2 28
14 y_1_2 29
14 x_1_2 30
14 y_1_2 31
14 x_1_2 32
14 y_1_2 33
14 y_1_2 34
14 y_1_2 35
14 hz_1_2 36
14 x_1_2 37
14 x_1_2 38
14 hz_1_2 39
14 x_1_2 40
14 y_1_2 41
14 y_1_2 42
14 y_1_2 43
14 hz_1_2 44
14 hz_1_2 45
14 hz_1_2 46
14 y_1_2 47
14 y_1_2 48
14 x_1_2 49
14 y_1_2 50
14 hz_1_2 51
14 x_1_2 52
14 hz_1_2 53
14 x_1_2 54
14 y_1_2 55
14 y_1_2 56
14 y_1_2 57
14 x_1_2 58
14 x_1_2 59
14 y_1_2 60
14 x_1_2 61
14 x_1_2 62
14 hz_1_2 63
14 y_1_2 64
15 fsimplus(1.5418050861783477, 0.17421270774349393, 2.704501058368248, 0.24853609331538176, 85.40543108925625) 9 3
15 fsimplus(1.6221173243049871, 0.17375092175007928, 0.7563148627969938, 5.852502350446331, -53.54343980113464) 12 7
15 fsimplus(1.611488102919184, 0.19120833380586139, 0.378782506802781, 5.808328931908534, -63.58252750526438) 13 8
15 fsimplus(1.6198933653293974, 0.18150295286580212, 0.9093116821329097, 3.671267744051753, 73.23126272481213) 15 10
15 fsimplus(1.6627224340346989, 0.15195652678065327, 3.4772494421605797, 4.695941090812999, 121.47805003653542) 20 14
15 fsimplus(1.5518347896233031, 0.16812426032413502, 3.8860285707457862, 2.7249170602248425, -178.65572678898988) 24 19
15 fsimplus(1.6593234001518593, 0.19084934293654326, 0.23473098985299562, 0.4390405320688908, 250.6255148148468) 26 21
15 fsimplus(1.5186341420556513, 0.15661128652423423, 3.9944679418440208, 7.141688785630099, 158.7679224780316) 28 23
15 fsimplus(1.595996625111896, 0.16817129713493012, 5.365486477765819, 2.513364818250702, -240.64168878473697) 31 25
15 fsimplus(1.5810917433275087, 0.16177875932077235, 5.57039034859706, 4.40037883355617, -117.98822953359229) 35 29
15 fsimplus(1.5503663504476375, 0.18521899710000794, 2.866390678615174, 5.8183020962126495, 205.0585829762725) 37 32
15 fsimplus(1.5889390519909448, 0.16444211959926386, 3.971950566871788, 3.9080230777914884, -34.37947539732561) 38 33
15 fsimplus(1.6158999744517097, 0.1813657503335077, 4.651116049108049, 4.725972612246377, 220.14719202264618) 39 34
15 fsimplus(1.6624282526646224, 0.21322095657106724, 2.2866980864526267, 5.936971083603144, -162.38068207676167) 42 36
15 fsimplus(1.6104854616409967, 0.18994748060348987, 1.4028154705615852, 0.7160068505360206, 55.165097272015586) 46 40
15 fsimplus(1.5392032062221053, 0.19861239813832426, 2.788215968181282, 0.4070288692346923, 347.79736125317584) 48 43
15 fsimplus(1.5095981849509559, 0.20200039182538715, 5.940887890855908, 0.6536681647769909, 255.62504926653156) 49 44
15 fsimplus(1.6650386357289793, 0.19711690533502987, 5.4294358536623815, 0.5696768149295272, 65.09214795141908) 50 45
15 fsimplus(1.6213816814338031, 0.18739012175119282, 1.9102838360681291, 2.8846164185712007, -69.76925021997249) 52 47
15 fsimplus(1.499480188417732, 0.1812224014276746, 2.37289106045266, 1.2211766274540246, 146.3108293594562) 57 51
15 fsimplus(1.6186228896198394, 0.18864356234044033, 3.669523868003675, 1.9493164784311823, 222.356672614697) 60 55
15 fsimplus(1.5995999157536334, 0.15554307060899167, 4.912937943663016, 0.7372204778546094, -184.78526285765932) 61 56
15 fsimplus(1.6103105200761645, 0.17638372672372618, 2.0695729689674316, 4.4949771769760645, 56.13424463901604) 63 58
15 fsimplus(1.518064567090477, 0.1683076185926264, 5.95766804669132, 3.232221715947918, 78.70401614409471) 64 59
16 hz_1_2 0
16 y_1_2 1
16 x_1_2 2
16 x_1_2 3
16 x_1_2 6
16 hz_1_2 7
16 hz_1_2 8
16 y_1_2 9
16 x_1_2 10
16 hz_1_2 12
16 x_1_2 13
16 y_1_2 14
16 y_1_2 15
16 y_1_2 16
16 hz_1_2 18
16 x_1_2 19
16 x_1_2 20
16 x_1_2 21
16 x_1_2 23
16 x_1_2 24
16 y_1_2 25
16 hz_1_2 26
16 x_1_2 27
16 hz_1_2 28
16 hz_1_2 29
16 hz_1_2 30
16 hz_1_2 31
16 y_1_2 32
16 hz_1_2 33
16 hz_1_2 34
16 x_1_2 35
16 y_1_2 36
16 y_1_2 37
16 hz_1_2 38
16 x_1_2 39
16 hz_1_2 40
16 x_1_2 41
16 hz_1_2 42
16 hz_1_2 43
16 y_1_2 44
16 y_1_2 45
16 x_1_2 46
16 hz_1_2 47
16 hz_1_2 48
16 hz_1_2 49
16 x_1_2 50
16 y_1_2 51
16 y_1_2 52
16 y_1_2 53
16 hz_1_2 54
16 x_1_2 55
16 x_1_2 56
16 x_1_2 57
16 hz_1_2 58
16 y_1_2 59
16 hz_1_2 60
16 y_1_2 61
16 hz_1_2 62
16 y_1_2 63
16 x_1_2 64
17 fsimplus(1.554813318184734, 0.17115033852711423, 2.057718506270753, 4.621337419008205, 124.45374943402156) 6 0
17 fsimplus(1.617587522124445, 0.1864674211507345, 3.801346051288009, 0.7468647862650942, -235.27797059699412) 7 1
17 fsimplus(1.6149689381890016, 0.17359160412568936, 0.6576320022963575, -0.46700043469826036, -181.01420688774118) 8 2
17 fsimplus(1.6223226842474594, 0.19366983967877338, 0.7456684719295718, 5.239552343923718, -211.1845610027073) 14 9
17 fsimplus(1.487436780299362, 0.1901629928713372, 2.7622818688712103, 0.7799723106673981, 74.4389807404554) 18 12
17 fsimplus(1.6435048323564838, 0.18558129929929135, 5.1261200911116305, 3.0307240415075145, 235.72091825911485) 19 13
17 fsimplus(1.522321796326267, 0.17374701010935806, 1.9118235921772073, -0.0445304666894182, -199.10875295506483) 21 15
17 fsimplus(1.4540653938517085, 0.22434005431948767, 0.7711883138106613, 4.178956337386217, 71.68817604462494) 25 20
17 fsimplus(1.693964406393222, 0.2023570223687558, 2.741447788247532, 5.4129908564599525, 235.32836169671518) 30 24
17 fsimplus(1.534805978898251, 0.19239629837023348, 2.0098807636851506, 3.4871251766553764, -229.13999511389216) 32 26
17 fsimplus(1.5246514054446156, 0.19667887844266857, 5.130342472876328, 3.449011780232967, 109.00963969934266) 33 27
17 fsimplus(1.6187235383224703, 0.17148872209725452, 2.9578541073047164, 4.971663832211158, -141.69515209911626) 34 28
17 fsimplus(1.5986250064534524, 0.18174274478336852, 3.904029593208312, 1.7241686687062316, 238.19195963899114) 36 31
17 fsimplus(1.5220985013756725, 0.184012906984792, 0.2606044020832379, 5.076304986459901, 157.94134807661885) 40 35
17 fsimplus(1.7513157451775414, 0.21349263240127236, 1.2430973792188236, 5.546245972391095, -193.04115937453915) 43 37
17 fsimplus(1.4854398807881286, 0.18380798829990325, 6.018959450154913, 5.267453304042174, 35.19588330475587) 44 38
17 fsimplus(1.5212079099576656, 0.18990553538105204, 0.6246777594572306, 5.216168429439259, -151.68600203164857) 45 39
17 fsimplus(1.5362247756777083, 0.17678685482749415, 4.025681792249035, 3.279835198778902, -339.25992895572665) 47 41
17 fsimplus(1.4665796614666204, 0.1740392157855674, 0.740910911798692, 0.8241596997794423, -138.12894990823594) 51 46
17 fsimplus(1.538906169993279, 0.1944704722644174, 2.261364019464514, 0.5230613358488725, 72.00002697506122) 54 48
17 fsimplus(1.604351708814667, 0.1946733890860295, 0.20080924995457664, 2.6009619069277754, -88.76511418172547) 55 49
17 fsimplus(1.6610458128616306, 0.1854491152072365, 1.0379817547595889, 7.471721955965009, 376.88002413066744) 56 50
17 fsimplus(1.600902979819916, 0.1762463689438183, 3.043918310189749, 4.716194365783786, 456.32461672164044) 58 52
17 fsimplus(1.6499870045085605, 0.1454577740724893, 2.053590321606599, 1.8453049209620753, -143.02922696066165) 59 53
17 fsimplus(1.606815321001305, 0.18446359539534987, 2.8906115702015356, 2.9455250398224235, 105.23274098774763) 62 57
18 y_1_2 0
18 hz_1_2 1
18 y_1_2 2
18 hz_1_2 3
18 y_1_2 6
18 x_1_2 7
18 x_1_2 8
18 hz_1_2 9
18 y_1_2 10
18 y_1_2 12
18 y_1_2 13
18 hz_1_2 14
18 x_1_2 15
18 hz_1_2 16
18 y_1_2 18
18 hz_1_2 19
18 y_1_2 20
18 y_1_2 21
18 y_1_2 23
18 hz_1_2 24
18 hz_1_2 25
18 y_1_2 26
18 hz_1_2 27
18 x_1_2 28
18 x_1_2 29
18 y_1_2 30
18 x_1_2 31
18 x_1_2 32
18 x_1_2 33
18 y_1_2 34
18 y_1_2 35
18 hz_1_2 36
18 x_1_2 37
18 x_1_2 38
18 hz_1_2 39
18 x_1_2 40
18 y_1_2 41
18 y_1_2 42
18 y_1_2 43
18 x_1_2 44
18 x_1_2 45
18 hz_1_2 46
18 y_1_2 47
18 y_1_2 48
18 x_1_2 49
18 y_1_2 50
18 x_1_2 51
18 hz_1_2 52
18 hz_1_2 53
18 y_1_2 54
18 hz_1_2 55
18 hz_1_2 56
18 hz_1_2 57
18 y_1_2 58
18 hz_1_2 59
18 x_1_2 60
18 x_1_2 61
18 x_1_2 62
18 x_1_2 63
18 hz_1_2 64
19 fsimplus(1.5418050861783477, 0.17421270774349393, 2.704501058368248, 0.24853609331538176, 111.26702181360744) 9 3
19 fsimplus(1.6221173243049871, 0.17375092175007928, 0.7563148627969938, 5.852502350446331, -70.29189855595256) 12 7
19 fsimplus(1.611488102919184, 0.19120833380586139, 0.378782506802781, 5.808328931908534, -83.90234878868317) 13 8
19 fsimplus(1.6198933653293974, 0.18150295286580212, 0.9093116821329097, 3.671267744051753, 95.39834048854172) 15 10
19 fsimplus(1.6627224340346989, 0.15195652678065327, 3.4772494421605797, 4.695941090812999, 158.4231796427514) 20 14
19 fsimplus(1.5518347896233031, 0.16812426032413502, 3.8860285707457862, 2.7249170602248425, -234.07342119831384) 24 19
19 fsimplus(1.6593234001518593, 0.19084934293654326, 0.23473098985299562, 0.4390405320688908, 327.5945348277968) 26 21
19 fsimplus(1.5186341420556513, 0.15661128652423423, 3.9944679418440208, 7.141688785630099, 206.7965909661124) 28 23
19 fsimplus(1.595996625111896, 0.16817129713493012, 5.365486477765819, 2.513364818250702, -315.14770015727254) 31 25
19 fsimplus(1.5810917433275087, 0.16177875932077235, 5.57039034859706, 4.40037883355617, -154.93335913980826) 35 29
19 fsimplus(1.5503663504476375, 0.18521899710000794, 2.866390678615174, 5.8183020962126495, 267.8653033068397) 37 32
19 fsimplus(1.5889390519909448, 0.16444211959926386, 3.971950566871788, 3.9080230777914884, -46.07876643929401) 38 33
19 fsimplus(1.6158999744517097, 0.1813657503335077, 4.651116049108049, 4.725972612246377, 286.64842531383493) 39 34
19 fsimplus(1.6624282526646224, 0.21322095657106724, 2.2866980864526267, 5.936971083603144, -214.10386352546408) 42 36
19 fsimplus(1.6104854616409967, 0.18994748060348987, 1.4028154705615852, 0.7160068505360206, 71.11307821869882) 46 40
19 fsimplus(1.5392032062221053, 0.19861239813832426, 2.788215968181282, 0.4070288692346923, 454.93823711120217) 48 43
19 fsimplus(1.5095981849509559, 0.20200039182538715, 5.940887890855908, 0.6536681647769909, 332.5940692794816) 49 44
19 fsimplus(1.6650386357289793, 0.19711690533502987, 5.4294358536623815, 0.5696768149295272, 84.79621707473427) 50 45
19 fsimplus(1.6213816814338031, 0.18739012175119282, 1.9102838360681291, 2.8846164185712007, -91.32057582359849) 52 47
19 fsimplus(1.499480188417732, 0.1812224014276746, 2.37289106045266, 1.2211766274540246, 190.64498488691538) 57 51
19 fsimplus(1.6186228896198394, 0.18864356234044033, 3.669523868003675, 1.9493164784311823, 290.08941022609304) 60 55
19 fsimplus(1.5995999157536334, 0.15554307060899167, 4.912937943663016, 0.7372204778546094, -243.28171806750132) 61 56
19 fsimplus(1.6103105200761645, 0.17638372672372618, 2.0695729689674316, 4.4949771769760645, 73.37530512191682) 63 58
19 fsimplus(1.518064567090477, 0.1683076185926264, 5.95766804669132, 3.232221715947918, 102.84150082015583) 64 59
20 hz_1_2 0
20 x_1_2 1
20 hz_1_2 2
20 y_1_2 3
20 x_1_2 6
20 hz_1_2 7
20 hz_1_2 8
20 x_1_2 9
20 x_1_2 10
20 x_1_2 12
20 hz_1_2 13
20 x_1_2 14
20 hz_1_2 15
20 x_1_2 16
20 hz_1_2 18
20 x_1_2 19
20 x_1_2 20
20 x_1_2 21
20 x_1_2 23
20 x_1_2 24
20 x_1_2 25
20 hz_1_2 26
20 y_1_2 27
20 hz_1_2 28
20 hz_1_2 29
20 x_1_2 30
20 y_1_2 31
20 y_1_2 32
20 y_1_2 33
20 hz_1_2 34
20 hz_1_2 35
20 x_1_2 36
20 hz_1_2 37
20 hz_1_2 38
20 x_1_2 39
20 y_1_2 40
20 hz_1_2 41
20 hz_1_2 42
20 hz_1_2 43
20 hz_1_2 44
20 y_1_2 45
20 y_1_2 46
20 hz_1_2 47
20 x_1_2 48
20 y_1_2 49
20 x_1_2 50
20 hz_1_2 51
20 x_1_2 52
20 y_1_2 53
20 x_1_2 54
20 y_1_2 55
20 x_1_2 56
20 x_1_2 57
20 hz_1_2 58
20 x_1_2 59
20 y_1_2 60
20 y_1_2 61
20 hz_1_2 62
20 hz_1_2 63
20 y_1_2 64
21 fsimplus(1.5111000218423718, 0.18851668908741537, 4.836132603660779, 2.8661710310990633, -135.0230116664565) 8 1
21 fsimplus(1.6147525071957927, 0.20538204177345148, 0.8656208258594706, 4.696888319035786, -328.24854815605744) 12 6
21 fsimplus(1.6257201104909433, 0.19526325413381526, 0.9034369828492252, -1.6518103146696423, 69.37569676451648) 13 7
21 fsimplus(1.5882083752489913, 0.1775257866708262, 4.5723022902425114, 0.7834081398167787, -389.47903239341264) 15 9
21 fsimplus(1.5282839331524347, 0.17639072081808124, 0.2992989228489088, 1.1457443017190823, -174.02233869683977) 16 10
21 fsimplus(1.4889601440593194, 0.15821585835324153, 4.13550441268894, 7.444647416590335, -374.21486135842053) 21 14
21 fsimplus(1.633093575964243, 0.1766912514466733, 6.151473748517247, 0.3439847532990534, 95.77691842564846) 24 18
21 fsimplus(1.5848342290494837, 0.17966143511055732, 4.503060009593452, 2.6645878836750114, 174.4607108991309) 25 19
21 fsimplus(1.4896442155534313, 0.16093773276066844, 3.099351835367761, 4.7088208957324635, -185.34326375313293) 26 20
21 fsimplus(1.5448744795528868, 0.18650811021575875, 3.7971011153959964, 6.177618979156779, 559.0239246864182) 29 23
21 fsimplus(1.5215259747655119, 0.2054174119641903, 2.1634289586900426, 1.3802473095580605, 77.84998536294307) 34 27
21 fsimplus(1.488228890352192, 0.2040699096082326, 0.11719677486006808, 0.8897563008822977, 83.0290282110178) 36 30
21 fsimplus(1.634673313678135, 0.18159591219656301, 4.156168534739736, 1.1373657096222864, 81.41388180156468) 37 31
21 fsimplus(1.5104448047274053, 0.19308567953610373, 2.971981942882328, 3.796318972363654, -153.79127232959647) 38 32
21 fsimplus(1.5963601162818506, 0.16588753264555217, 0.34318664166409224, -0.11477774775633726, 257.8865728007662) 39 33
21 fsimplus(1.5264703212260442, 0.18458042457500426, 3.5692388773787007, 0.6587657897111371, 374.51535378997033) 41 35
21 fsimplus(1.4826199710508585, 0.2017736956583126, 0.6166018038454444, -0.14125594150449738, -256.6129120207857) 47 40
21 fsimplus(1.6075526349869267, 0.19964878832470528, 4.136656054392035, 2.6169515445329203, 289.8113930985537) 48 42
21 fsimplus(1.5460259622551327, 0.19095299837261212, 1.4910243858456627, 1.762309444552757, 207.1513357385497) 49 43
21 fsimplus(1.5248058512709366, 0.1891828956369637, 0.9605334989817942, 5.247466413454192, 170.3156369814522) 50 44
21 fsimplus(1.5484290595369128, 0.15997879928341885, 0.3483542335222857, 0.054439637267940974, 318.7343031172653) 51 45
21 fsimplus(1.6199326893746826, 0.18611975284948473, 4.444340744509945, 0.780475614526548, -434.8282493688555) 52 46
21 fsimplus(1.642355841294816, 0.19157656051668484, 3.7176348551729435, 1.4300810763225351, -186.77974613575216) 60 54
21 fsimplus(1.6644388038489115, 0.19502903097921787, 2.645621719140952, 6.583555405509486, 119.94810142626001) 61 55
21 fsimplus(1.4801091798312997, 0.18624158598287344, 1.1497290335852894, 4.158225492522211, 95.31053905601185) 62 56
21 fsimplus(1.5290492923199186, 0.1541478993990685, 1.1707844543376233, 5.425214521069728, 186.62597997678859) 63 57
21 fsimplus(1.6140740175489499, 0.18634429320957113, 1.2432219867536267, 0.5027160788143354, -279.56746627841716) 64 58
22 x_1_2 0
22 hz_1_2 1
22 x_1_2 2
22 hz_1_2 3
22 hz_1_2 6
22 x_1_2 7
22 y_1_2 8
22 hz_1_2 9
22 y_1_2 10
22 y_1_2 12
22 x_1_2 13
22 hz_1_2 14
22 x_1_2 15
22 y_1_2 16
22 x_1_2 18
22 y_1_2 19
22 y_1_2 20
22 hz_1_2 21
22 hz_1_2 23
22 y_1_2 24
22 y_1_2 25
22 x_1_2 26
22 hz_1_2 27
22 x_1_2 28
22 y_1_2 29
22 hz_1_2 30
22 x_1_2 31
22 hz_1_2 32
22 hz_1_2 33
22 y_1_2 34
22 x_1_2 35
22 hz_1_2 36
22 y_1_2 37
22 y_1_2 38
22 y_1_2 39
22 hz_1_2 40
22 y_1_2 41
22 x_1_2 42
22 y_1_2 43
22 y_1_2 44
22 hz_1_2 45
22 x_1_2 46
22 y_1_2 47
22 hz_1_2 48
22 hz_1_2 49
22 hz_1_2 50
22 y_1_2 51
22 y_1_2 52
22 x_1_2 53
22 hz_1_2 54
22 x_1_2 55
22 y_1_2 56
22 y_1_2 57
22 x_1_2 58
22 hz_1_2 59
22 hz_1_2 60
22 hz_1_2 61
22 y_1_2 62
22 x_1_2 63
22 hz_1_2 64
23 fsimplus(1.6174677510208517, 0.16281864892568088, 1.444629574659949, 2.2662285417691215, -102.97425091745278) 7 0
23 fsimplus(1.5232017019520603, 0.17227777016215728, 0.28495291257941624, 2.46080341943929, 161.94077027855968) 9 2
23 fsimplus(1.5964347010911553, 0.170217972688955, 2.140035573741915, 6.771191207458802, -407.75850955865803) 10 3
23 fsimplus(1.6785877166925074, 0.1861827087498819, 1.0734489779294656, 1.8514593884192125, 123.7029811147359) 14 8
23 fsimplus(1.6300424014432686, 0.22659667037143416, 2.47895000247167, 5.566612564683753, 490.947978209078) 19 12
23 fsimplus(1.5573211971981107, 0.19330357040557405, 3.3054510072453613, 0.4633338860064212, 429.2666347200082) 20 13
23 fsimplus(1.6170309820114532, 0.17883039227347738, 1.4880530099237421, 2.2249309361955816, -110.6493292702833) 23 16
23 fsimplus(1.5441797176608576, 0.19488313274977748, 1.049757569029412, 3.603289959333323, -175.88637730702163) 27 21
23 fsimplus(1.4597752978599656, 0.18749661303051007, 5.846944463684973, 4.118933341329517, 95.56281918940984) 31 24
23 fsimplus(1.6259141016545344, 0.18796568969322663, 4.003352537855213, 0.267023918096889, -630.471511177061) 32 25
23 fsimplus(1.5354600170291066, 0.15969285906607322, 2.3652263159037084, 0.3725147314824201, -439.2814773981971) 33 26
23 fsimplus(1.4773023047267158, 0.17640223085957663, 4.726622314079438, 0.662284469789647, 171.28754338080677) 35 28
23 fsimplus(1.446246967921287, 0.18203441327314945, 1.7476605215307086, 5.959642360922152, 595.3889018824384) 40 34
23 fsimplus(1.5183336261508051, 0.18951537564968027, 4.457733789666268, 3.0261900793837375, -507.53731892856484) 43 36
23 fsimplus(1.5293384627578517, 0.16564903041123996, 0.529442776203834, 6.4608204022483, -448.9621184171106) 44 37
23 fsimplus(1.5219203295597623, 0.16640021727397925, 4.582968042559623, 4.074122181547817, 135.47078934768163) 45 38
23 fsimplus(1.5426390007511879, 0.16031262152930903, 0.3743525389974256, 5.478767869589251, 331.9842964642454) 46 39
23 fsimplus(1.6312030867287959, 0.19762629524357667, 4.973872972803321, 6.59333776624377, 289.3504104003227) 53 47
23 fsimplus(1.5315116011297059, 0.19383163981463042, 3.1169466378227533, 6.661884563584321, -464.01724888816) 55 48
23 fsimplus(1.4955839404919338, 0.20596697911407225, 6.216096569314644, 5.9059069245245, 308.9430193141293) 56 49
23 fsimplus(1.6027482868547813, 0.14664101449082007, 0.3018835225227273, 2.120296006553163, 483.22367634369886) 57 50
23 fsimplus(1.594657436077075, 0.162031414039307, 3.6745708832508344, 5.9958021553120435, 347.20000077623996) 58 51
23 fsimplus(1.6172667644620047, 0.1800375848050927, 1.880811032930498, 1.9643660583966098, 197.81688286484177) 59 52
24 hz_1_2 0
24 y_1_2 1
24 y_1_2 2
24 x_1_2 3
24 y_1_2 6
24 hz_1_2 7
24 hz_1_2 8
24 x_1_2 9
24 hz_1_2 10
24 x_1_2 12
24 hz_1_2 13
24 x_1_2 14
24 hz_1_2 15
24 x_1_2 16
24 hz_1_2 18
24 hz_1_2 19
24 hz_1_2 20
24 y_1_2 21
24 x_1_2 23
24 x_1_2 24
24 hz_1_2 25
24 hz_1_2 26
24 x_1_2 27
24 hz_1_2 28
24 x_1_2 29
24 x_1_2 30
24 hz_1_2 31
24 x_1_2 32
24 x_1_2 33
24 hz_1_2 34
24 y_1_2 35
24 y_1_2 36
24 hz_1_2 37
24 x_1_2 38
24 x_1_2 39
24 x_1_2 40
24 hz_1_2 41
24 hz_1_2 42
24 x_1_2 43
24 x_1_2 44
24 y_1_2 45
24 hz_1_2 46
24 x_1_2 47
24 x_1_2 48
24 x_1_2 49
24 y_1_2 50
24 x_1_2 51
24 hz_1_2 52
24 hz_1_2 53
24 y_1_2 54
24 hz_1_2 55
24 x_1_2 56
24 x_1_2 57
24 hz_1_2 58
24 y_1_2 59
24 x_1_2 60
24 x_1_2 61
24 hz_1_2 62
24 hz_1_2 63
24 x_1_2 64
25 fsimplus(1.5111000218423718, 0.18851668908741537, 4.836132603660779, 2.8661710310990633, -164.57911535142927) 8 1
25 fsimplus(1.6147525071957927, 0.20538204177345148, 0.8656208258594706, 4.696888319035786, -397.8285422477642) 12 6
25 fsimplus(1.6257201104909433, 0.19526325413381526, 0.9034369828492252, -1.6518103146696423, 83.41484601487853) 13 7
25 fsimplus(1.5882083752489913, 0.1775257866708262, 4.5723022902425114, 0.7834081398167787, -471.98982184729493) 15 9
25 fsimplus(1.5282839331524347, 0.17639072081808124, 0.2992989228489088, 1.1457443017190823, -210.96746830305574) 16 10
25 fsimplus(1.4889601440593194, 0.15821585835324153, 4.13550441268894, 7.444647416590335, -453.6468900117849) 21 14
25 fsimplus(1.633093575964243, 0.1766912514466733, 6.151473748517247, 0.3439847532990534, 115.48098754896364) 24 18
25 fsimplus(1.5848342290494837, 0.17966143511055732, 4.503060009593452, 2.6645878836750114, 210.79008834524325) 25 19
25 fsimplus(1.4896442155534313, 0.16093773276066844, 3.099351835367761, 4.7088208957324635, -224.7514019997633) 26 20
25 fsimplus(1.5448744795528868, 0.18650811021575875, 3.7971011153959964, 6.177618979156779, 676.6325872662057) 29 23
25 fsimplus(1.5215259747655119, 0.2054174119641903, 2.1634289586900426, 1.3802473095580605, 93.24378936553305) 34 27
25 fsimplus(1.488228890352192, 0.2040699096082326, 0.11719677486006808, 0.8897563008822977, 100.27008869391858) 36 30
25 fsimplus(1.634673313678135, 0.18159591219656301, 4.156168534739736, 1.1373657096222864, 98.03919012436187) 37 31
25 fsimplus(1.5104448047274053, 0.19308567953610373, 2.971981942882328, 3.796318972363654, -186.42613681508723) 38 32
25 fsimplus(1.5963601162818506, 0.16588753264555217, 0.34318664166409224, -0.11477774775633726, 312.0727628898829) 39 33
25 fsimplus(1.5264703212260442, 0.18458042457500426, 3.5692388773787007, 0.6587657897111371, 453.33163028323105) 41 35
25 fsimplus(1.4826199710508585, 0.2017736956583126, 0.6166018038454444, -0.14125594150449738, -310.8606773259128) 47 40
25 fsimplus(1.6075526349869267, 0.19964878832470528, 4.136656054392035, 2.6169515445329203, 350.77085694881) 48 42
25 fsimplus(1.5460259622551327, 0.19095299837261212, 1.4910243858456627, 1.762309444552757, 249.63823478569807) 49 43
25 fsimplus(1.5248058512709366, 0.1891828956369637, 0.9605334989817942, 5.247466413454192, 205.41351010735735) 50 44
25 fsimplus(1.5484290595369128, 0.15997879928341885, 0.3483542335222857, 0.054439637267940974, 385.8512885685576) 51 45
25 fsimplus(1.6199326893746826, 0.18611975284948473, 4.444340744509945, 0.780475614526548, -526.5753212242918) 52 46
25 fsimplus(1.642355841294816, 0.19157656051668484, 3.7176348551729435, 1.4300810763225351, -226.8036365424861) 60 54
25 fsimplus(1.6644388038489115, 0.19502903097921787, 2.645621719140952, 6.583555405509486, 143.96243567030038) 61 55
25 fsimplus(1.4801091798312997, 0.18624158598287344, 1.1497290335852894, 4.158225492522211, 114.39885601922344) 62 56
25 fsimplus(1.5290492923199186, 0.1541478993990685, 1.1707844543376233, 5.425214521069728, 225.41836606331535) 63 57
25 fsimplus(1.6140740175489499, 0.18634429320957113, 1.2432219867536267, 0.5027160788143354, -339.1722753764456) 64 58
26 x_1_2 0
26 x_1_2 1
26 x_1_2 2
26 hz_1_2 3
26 x_1_2 6
26 x_1_2 7
26 x_1_2 8
26 hz_1_2 9
26 x_1_2 10
26 hz_1_2 12
26 x_1_2 13
26 hz_1_2 14
26 x_1_2 15
26 y_1_2 16
26 x_1_2 18
26 x_1_2 19
26 y_1_2 20
26 hz_1_2 21
26 hz_1_2 23
26 y_1_2 24
26 y_1_2 25
26 x_1_2 26
26 y_1_2 27
26 y_1_2 28
26 y_1_2 29
26 hz_1_2 30
26 y_1_2 31
26 y_1_2 32
26 hz_1_2 33
26 x_1_2 34
26 hz_1_2 35
26 hz_1_2 36
26 y_1_2 37
26 y_1_2 38
26 hz_1_2 39
26 y_1_2 40
26 x_1_2 41
26 y_1_2 42
26 y_1_2 43
26 hz_1_2 44
26 x_1_2 45
26 y_1_2 46
26 y_1_2 47
26 hz_1_2 48
26 hz_1_2 49
26 x_1_2 50
26 hz_1_2 51
26 x_1_2 52
26 x_1_2 53
26 x_1_2 54
26 x_1_2 55
26 y_1_2 56
26 hz_1_2 57
26 x_1_2 58
26 hz_1_2 59
26 y_1_2 60
26 y_1_2 61
26 y_1_2 62
26 y_1_2 63
26 y_1_2 64
27 fsimplus(1.6174677510208517, 0.16281864892568088, 1.444629574659949, 2.2662285417691215, -123.78667392895441) 7 0
27 fsimplus(1.5232017019520603, 0.17227777016215728, 0.28495291257941624, 2.46080341943929, 192.72837828373966) 9 2
27 fsimplus(1.5964347010911553, 0.170217972688955, 2.140035573741915, 6.771191207458802, -486.57478605191875) 10 3
27 fsimplus(1.6785877166925074, 0.1861827087498819, 1.0734489779294656, 1.8514593884192125, 147.10156319867266) 14 8
27 fsimplus(1.6300424014432686, 0.22659667037143416, 2.47895000247167, 5.566612564683753, 584.542306544825) 19 12
27 fsimplus(1.5573211971981107, 0.19330357040557405, 3.3054510072453613, 0.4633338860064212, 509.9301676935797) 20 13
27 fsimplus(1.6170309820114532, 0.17883039227347738, 1.4880530099237421, 2.2249309361955816, -132.81640703401283) 23 16
27 fsimplus(1.5441797176608576, 0.19488313274977748, 1.049757569029412, 3.603289959333323, -210.36849827282316) 27 21
27 fsimplus(1.4597752978599656, 0.18749661303051007, 5.846944463684973, 4.118933341329517, 112.8038796723106) 31 24
27 fsimplus(1.6259141016545344, 0.18796568969322663, 4.003352537855213, 0.267023918096889, -751.1589345573664) 32 25
27 fsimplus(1.5354600170291066, 0.15969285906607322, 2.3652263159037084, 0.3725147314824201, -523.0237711722867) 33 26
27 fsimplus(1.4773023047267158, 0.17640223085957663, 4.726622314079438, 0.662284469789647, 203.9224078662975) 35 28
27 fsimplus(1.446246967921287, 0.18203441327314945, 1.7476605215307086, 5.959642360922152, 708.7488745575109) 40 34
27 fsimplus(1.5183336261508051, 0.18951537564968027, 4.457733789666268, 3.0261900793837375, -605.4419123850372) 43 36
27 fsimplus(1.5293384627578517, 0.16564903041123996, 0.529442776203834, 6.4608204022483, -535.1674208316145) 44 37
27 fsimplus(1.5219203295597623, 0.16640021727397925, 4.582968042559623, 4.074122181547817, 160.10087575182558) 45 38
27 fsimplus(1.5426390007511879, 0.16031262152930903, 0.3743525389974256, 5.478767869589251, 394.79101679481244) 46 39
27 fsimplus(1.6312030867287959, 0.19762629524357667, 4.973872972803321, 6.59333776624377, 343.5366004894394) 53 47
27 fsimplus(1.5315116011297059, 0.19383163981463042, 3.1169466378227533, 6.661884563584321, -552.6855599430781) 55 48
27 fsimplus(1.4955839404919338, 0.20596697911407225, 6.216096569314644, 5.9059069245245, 367.43947452397117) 56 49
27 fsimplus(1.6027482868547813, 0.14664101449082007, 0.3018835225227273, 2.120296006553163, 574.9707481991351) 57 50
27 fsimplus(1.594657436077075, 0.162031414039307, 3.6745708832508344, 5.9958021553120435, 413.08548190732506) 58 51
27 fsimplus(1.6172667644620047, 0.1800375848050927, 1.880811032930498, 1.9643660583966098, 234.76201247105774) 59 52
28 hz_1_2 0
28 y_1_2 1
28 y_1_2 2
28 y_1_2 3
28 hz_1_2 6
28 y_1_2 7
28 y_1_2 8
28 x_1_2 9
28 hz_1_2 10
28 x_1_2 12
28 hz_1_2 13
28 x_1_2 14
28 hz_1_2 15
28 x_1_2 16
28 y_1_2 18
28 y_1_2 19
28 x_1_2 20
28 y_1_2 21
28 y_1_2 23
28 x_1_2 24
28 x_1_2 25
28 y_1_2 26
28 x_1_2 27
28 hz_1_2 28
28 hz_1_2 29
28 x_1_2 30
28 hz_1_2 31
28 x_1_2 32
28 y_1_2 33
28 y_1_2 34
28 x_1_2 35
28 x_1_2 36
28 x_1_2 37
28 hz_1_2 38
28 y_1_2 39
28 hz_1_2 40
28 y_1_2 41
28 x_1_2 42
28 hz_1_2 43
28 y_1_2 44
28 y_1_2 45
28 x_1_2 46
28 hz_1_2 47
28 x_1_2 48
28 y_1_2 49
28 y_1_2 50
28 y_1_2 51
28 hz_1_2 52
28 y_1_2 53
28 y_1_2 54
28 y_1_2 55
28 hz_1_2 56
28 x_1_2 57
28 hz_1_2 58
28 y_1_2 59
28 x_1_2 60
28 x_1_2 61
28 x_1_2 62
28 x_1_2 63
28 hz_1_2 64
29 fsimplus(1.554813318184734, 0.17115033852711423, 2.057718506270753, 4.621337419008205, 220.51108641018305) 6 0
29 fsimplus(1.617587522124445, 0.1864674211507345, 3.801346051288009, 0.7468647862650942, -427.023193253255) 7 1
29 fsimplus(1.6149689381890016, 0.17359160412568936, 0.6576320022963575, -0.46700043469826036, -328.79472531260507) 8 2
29 fsimplus(1.6223226842474594, 0.19366983967877338, 0.7456684719295718, 5.239552343923718, -381.13215719130073) 14 9
29 fsimplus(1.487436780299362, 0.1901629928713372, 2.7622818688712103, 0.7799723106673981, 129.85667514977933) 18 12
29 fsimplus(1.6435048323564838, 0.18558129929929135, 5.1261200911116305, 3.0307240415075145, 424.1410792508163) 19 13
29 fsimplus(1.522321796326267, 0.17374701010935806, 1.9118235921772073, -0.0445304666894182, -359.82006674210425) 21 15
29 fsimplus(1.4540653938517085, 0.22434005431948767, 0.7711883138106613, 4.178956337386217, 127.10587045394888) 25 20
29 fsimplus(1.693964406393222, 0.2023570223687558, 2.741447788247532, 5.4129908564599525, 423.7485226884166) 30 24
29 fsimplus(1.534805978898251, 0.19239629837023348, 2.0098807636851506, 3.4871251766553764, -417.56015610559353) 32 26
29 fsimplus(1.5246514054446156, 0.19667887844266857, 5.130342472876328, 3.449011780232967, 192.1361813133286) 33 27
29 fsimplus(1.6187235383224703, 0.17148872209725452, 2.9578541073047164, 4.971663832211158, -259.9195668390073) 34 28
29 fsimplus(1.5986250064534524, 0.18174274478336852, 3.904029593208312, 1.7241686687062316, 426.6121206306925) 36 31
29 fsimplus(1.5220985013756725, 0.184012906984792, 0.2606044020832379, 5.076304986459901, 281.8922579054734) 40 35
29 fsimplus(1.7513157451775414, 0.21349263240127236, 1.2430973792188236, 5.546245972391095, -348.2107037206462) 43 37
29 fsimplus(1.4854398807881286, 0.18380798829990325, 6.018959450154913, 5.267453304042174, 62.90473050941784) 44 38
29 fsimplus(1.5212079099576656, 0.18990553538105204, 0.6246777594572306, 5.216168429439259, -275.45218621247204) 45 39
29 fsimplus(1.5362247756777083, 0.17678685482749415, 4.025681792249035, 3.279835198778902, -614.5011445220356) 47 41
29 fsimplus(1.4665796614666204, 0.1740392157855674, 0.740910911798692, 0.8241596997794423, -248.96433872688382) 51 46
29 fsimplus(1.538906169993279, 0.1944704722644174, 2.261364019464514, 0.5230613358488725, 129.26497786469596) 54 48
29 fsimplus(1.604351708814667, 0.1946733890860295, 0.20080924995457664, 2.6009619069277754, -160.80811691384662) 55 49
29 fsimplus(1.6610458128616306, 0.1854491152072365, 1.0379817547595889, 7.471721955965009, 677.9828304213275) 56 50
29 fsimplus(1.600902979819916, 0.1762463689438183, 3.043918310189749, 4.716194365783786, 818.3868868625568) 58 52
29 fsimplus(1.6499870045085605, 0.1454577740724893, 2.053590321606599, 1.8453049209620753, -259.40638522024193) 59 53
29 fsimplus(1.606815321001305, 0.18446359539534987, 2.8906115702015356, 2.9455250398224235, 188.35928260173355) 62 57
30 y_1_2 0
30 x_1_2 1
30 hz_1_2 2
30 hz_1_2 3
30 x_1_2 6
30 hz_1_2 7
30 hz_1_2 8
30 hz_1_2 9
30 y_1_2 10
30 hz_1_2 12
30 x_1_2 13
30 y_1_2 14
30 x_1_2 15
30 y_1_2 16
30 x_1_2 18
30 x_1_2 19
30 hz_1_2 20
30 x_1_2 21
30 hz_1_2 23
30 y_1_2 24
30 hz_1_2 25
30 hz_1_2 26
30 y_1_2 27
30 y_1_2 28
30 x_1_2 29
30 hz_1_2 30
30 x_1_2 31
30 y_1_2 32
30 x_1_2 33
30 x_1_2 34
30 hz_1_2 35
30 hz_1_2 36
30 y_1_2 37
30 x_1_2 38
30 x_1_2 39
30 x_1_2 40
30 hz_1_2 41
30 y_1_2 42
30 x_1_2 43
30 hz_1_2 44
30 x_1_2 45
30 y_1_2 46
30 x_1_2 47
30 y_1_2 48
30 x_1_2 49
30 x_1_2 50
30 hz_1_2 51
30 x_1_2 52
30 hz_1_2 53
30 hz_1_2 54
30 x_1_2 55
30 x_1_2 56
30 hz_1_2 57
30 x_1_2 58
30 hz_1_2 59
30 hz_1_2 60
30 hz_1_2 61
30 hz_1_2 62
30 hz_1_2 63
30 x_1_2 64
31 fsimplus(1.5418050861783477, 0.17421270774349393, 2.704501058368248, 0.24853609331538176, 188.85179398666094) 9 3
31 fsimplus(1.6221173243049871, 0.17375092175007928, 0.7563148627969938, 5.852502350446331, -120.53727482040625) 12 7
31 fsimplus(1.611488102919184, 0.19120833380586139, 0.378782506802781, 5.808328931908534, -144.86181263893948) 13 8
31 fsimplus(1.6198933653293974, 0.18150295286580212, 0.9093116821329097, 3.671267744051753, 161.89957377973045) 15 10
31 fsimplus(1.6627224340346989, 0.15195652678065327, 3.4772494421605797, 4.695941090812999, 269.25856846139925) 20 14
31 fsimplus(1.5518347896233031, 0.16812426032413502, 3.8860285707457862, 2.7249170602248425, -400.3265044262857) 24 19
31 fsimplus(1.6593234001518593, 0.19084934293654326, 0.23473098985299562, 0.4390405320688908, 558.5015948666464) 26 21
31 fsimplus(1.5186341420556513, 0.15661128652423423, 3.9944679418440208, 7.141688785630099, 350.8825964303546) 28 23
31 fsimplus(1.595996625111896, 0.16817129713493012, 5.365486477765819, 2.513364818250702, -538.6657342748791) 31 25
31 fsimplus(1.5810917433275087, 0.16177875932077235, 5.57039034859706, 4.40037883355617, -265.7687479584561) 35 29
31 fsimplus(1.5503663504476375, 0.18521899710000794, 2.866390678615174, 5.8183020962126495, 456.28546429854106) 37 32
31 fsimplus(1.5889390519909448, 0.16444211959926386, 3.971950566871788, 3.9080230777914884, -81.17663956519917) 38 33
31 fsimplus(1.6158999744517097, 0.1813657503335077, 4.651116049108049, 4.725972612246377, 486.15212518740117) 39 34
31 fsimplus(1.6624282526646224, 0.21322095657106724, 2.2866980864526267, 5.936971083603144, -369.27340787157107) 42 36
31 fsimplus(1.6104854616409967, 0.18994748060348987, 1.4028154705615852, 0.7160068505360206, 118.95702105874847) 46 40
31 fsimplus(1.5392032062221053, 0.19861239813832426, 2.788215968181282, 0.4070288692346923, 776.3608646852811) 48 43
31 fsimplus(1.5095981849509559, 0.20200039182538715, 5.940887890855908, 0.6536681647769909, 563.5011293183312) 49 44
31 fsimplus(1.6650386357289793, 0.19711690533502987, 5.4294358536623815, 0.5696768149295272, 143.9084244446798) 50 45
31 fsimplus(1.6213816814338031, 0.18739012175119282, 1.9102838360681291, 2.8846164185712007, -155.9745526344764) 52 47
31 fsimplus(1.499480188417732, 0.1812224014276746, 2.37289106045266, 1.2211766274540246, 323.64745146929283) 57 51
31 fsimplus(1.6186228896198394, 0.18864356234044033, 3.669523868003675, 1.9493164784311823, 493.2876230602808) 60 55
31 fsimplus(1.5995999157536334, 0.15554307060899167, 4.912937943663016, 0.7372204778546094, -418.77108369702705) 61 56
31 fsimplus(1.6103105200761645, 0.17638372672372618, 2.0695729689674316, 4.4949771769760645, 125.09848657061917) 63 58
31 fsimplus(1.518064567090477, 0.1683076185926264, 5.95766804669132, 3.232221715947918, 175.2539548483391) 64 59
32 hz_1_2 0
32 y_1_2 1
32 x_1_2 2
32 y_1_2 3
32 hz_1_2 6
32 x_1_2 7
32 x_1_2 8
32 x_1_2 9
32 hz_1_2 10
32 x_1_2 12
32 y_1_2 13
32 hz_1_2 14
32 hz_1_2 15
32 x_1_2 16
32 hz_1_2 18
32 hz_1_2 19
32 x_1_2 20
32 y_1_2 21
32 x_1_2 23
32 x_1_2 24
32 y_1_2 25
32 y_1_2 26
32 hz_1_2 27
32 x_1_2 28
32 hz_1_2 29
32 y_1_2 30
32 hz_1_2 31
32 hz_1_2 32
32 y_1_2 33
32 y_1_2 34
32 y_1_2 35
32 x_1_2 36
32 x_1_2 37
32 hz_1_2 38
32 y_1_2 39
32 hz_1_2 40
32 y_1_2 41
32 x_1_2 42
32 hz_1_2 43
32 y_1_2 44
32 hz_1_2 45
32 x_1_2 46
32 hz_1_2 47
32 x_1_2 48
32 hz_1_2 49
32 hz_1_2 50
32 y_1_2 51
32 y_1_2 52
32 x_1_2 53
32 x_1_2 54
32 y_1_2 55
32 y_1_2 56
32 x_1_2 57
32 hz_1_2 58
32 y_1_2 59
32 y_1_2 60
32 y_1_2 61
32 y_1_2 62
32 x_1_2 63
32 hz_1_2 64
33 fsimplus(1.554813318184734, 0.17115033852711423, 2.057718506270753, 4.621337419008205, 252.5301987355702) 6 0
33 fsimplus(1.617587522124445, 0.1864674211507345, 3.801346051288009, 0.7468647862650942, -490.93826747200853) 7 1
33 fsimplus(1.6149689381890016, 0.17359160412568936, 0.6576320022963575, -0.46700043469826036, -378.05489812089303) 8 2
33 fsimplus(1.6223226842474594, 0.19366983967877338, 0.7456684719295718, 5.239552343923718, -437.78135592083186) 14 9
33 fsimplus(1.487436780299362, 0.1901629928713372, 2.7622818688712103, 0.7799723106673981, 148.3292399528873) 18 12
33 fsimplus(1.6435048323564838, 0.18558129929929135, 5.1261200911116305, 3.0307240415075145, 486.9477995813834) 19 13
33 fsimplus(1.522321796326267, 0.17374701010935806, 1.9118235921772073, -0.0445304666894182, -413.39050467111736) 21 15
33 fsimplus(1.4540653938517085, 0.22434005431948767, 0.7711883138106613, 4.178956337386217, 145.57843525705684) 25 20
33 fsimplus(1.693964406393222, 0.2023570223687558, 2.741447788247532, 5.4129908564599525, 486.5552430189837) 30 24
33 fsimplus(1.534805978898251, 0.19239629837023348, 2.0098807636851506, 3.4871251766553764, -480.3668764361606) 32 26
33 fsimplus(1.5246514054446156, 0.19667887844266857, 5.130342472876328, 3.449011780232967, 219.84502851799053) 33 27
33 fsimplus(1.6187235383224703, 0.17148872209725452, 2.9578541073047164, 4.971663832211158, -299.32770508563766) 34 28
33 fsimplus(1.5986250064534524, 0.18174274478336852, 3.904029593208312, 1.7241686687062316, 489.41884096125966) 36 31
33 fsimplus(1.5220985013756725, 0.184012906984792, 0.2606044020832379, 5.076304986459901, 323.20922784842486) 40 35
33 fsimplus(1.7513157451775414, 0.21349263240127236, 1.2430973792188236, 5.546245972391095, -399.93388516934857) 43 37
33 fsimplus(1.4854398807881286, 0.18380798829990325, 6.018959450154913, 5.267453304042174, 72.14101291097181) 44 38
33 fsimplus(1.5212079099576656, 0.18990553538105204, 0.6246777594572306, 5.216168429439259, -316.70758093941316) 45 39
33 fsimplus(1.5362247756777083, 0.17678685482749415, 4.025681792249035, 3.279835198778902, -706.2482163774719) 47 41
33 fsimplus(1.4665796614666204, 0.1740392157855674, 0.740910911798692, 0.8241596997794423, -285.90946833309977) 51 46
33 fsimplus(1.538906169993279, 0.1944704722644174, 2.261364019464514, 0.5230613358488725, 148.35329482790755) 54 48
33 fsimplus(1.604351708814667, 0.1946733890860295, 0.20080924995457664, 2.6009619069277754, -184.82245115788697) 55 49
33 fsimplus(1.6610458128616306, 0.1854491152072365, 1.0379817547595889, 7.471721955965009, 778.3504325182142) 56 50
33 fsimplus(1.600902979819916, 0.1762463689438183, 3.043918310189749, 4.716194365783786, 939.0743102428623) 58 52
33 fsimplus(1.6499870045085605, 0.1454577740724893, 2.053590321606599, 1.8453049209620753, -298.1987713067687) 59 53
33 fsimplus(1.606815321001305, 0.18446359539534987, 2.8906115702015356, 2.9455250398224235, 216.0681298063955) 62 57
34 y_1_2 0
34 hz_1_2 1
34 y_1_2 2
34 hz_1_2 3
34 y_1_2 6
34 y_1_2 7
34 y_1_2 8
34 hz_1_2 9
34 y_1_2 10
34 hz_1_2 12
34 x_1_2 13
34 y_1_2 14
34 y_1_2 15
34 hz_1_2 16
34 x_1_2 18
34 y_1_2 19
34 y_1_2 20
34 x_1_2 21
34 hz_1_2 23
34 y_1_2 24
34 hz_1_2 25
34 hz_1_2 26
34 y_1_2 27
34 y_1_2 28
34 y_1_2 29
34 hz_1_2 30
34 x_1_2 31
34 x_1_2 32
34 hz_1_2 33
34 x_1_2 34
34 x_1_2 35
34 hz_1_2 36
34 hz_1_2 37
34 y_1_2 38
34 x_1_2 39
34 x_1_2 40
34 hz_1_2 41
34 hz_1_2 42
34 x_1_2 43
34 x_1_2 44
34 x_1_2 45
34 y_1_2 46
34 y_1_2 47
34 hz_1_2 48
34 y_1_2 49
34 x_1_2 50
34 x_1_2 51
34 x_1_2 52
34 y_1_2 53
34 y_1_2 54
34 hz_1_2 55
34 hz_1_2 56
34 y_1_2 57
34 y_1_2 58
34 hz_1_2 59
34 x_1_2 60
34 hz_1_2 61
34 hz_1_2 62
34 y_1_2 63
34 y_1_2 64
35 fsimplus(1.5418050861783477, 0.17421270774349393, 2.704501058368248, 0.24853609331538176, 214.71338471101208) 9 3
35 fsimplus(1.6221173243049871, 0.17375092175007928, 0.7563148627969938, 5.852502350446331, -137.28573357522416) 12 7
35 fsimplus(1.611488102919184, 0.19120833380586139, 0.378782506802781, 5.808328931908534, -165.18163392235826) 13 8
35 fsimplus(1.6198933653293974, 0.18150295286580212, 0.9093116821329097, 3.671267744051753, 184.06665154346) 15 10
35 fsimplus(1.6627224340346989, 0.15195652678065327, 3.4772494421605797, 4.695941090812999, 306.2036980676152) 20 14
35 fsimplus(1.5518347896233031, 0.16812426032413502, 3.8860285707457862, 2.7249170602248425, -455.7441988356096) 24 19
35 fsimplus(1.6593234001518593, 0.19084934293654326, 0.23473098985299562, 0.4390405320688908, 635.4706148795964) 26 21
35 fsimplus(1.5186341420556513, 0.15661128652423423, 3.9944679418440208, 7.141688785630099, 398.91126491843534) 28 23
35 fsimplus(1.595996625111896, 0.16817129713493012, 5.365486477765819, 2.513364818250702, -613.1717456474147) 31 25
35 fsimplus(1.5810917433275087, 0.16177875932077235, 5.57039034859706, 4.40037883355617, -302.7138775646721) 35 29
35 fsimplus(1.5503663504476375, 0.18521899710000794, 2.866390678615174, 5.8183020962126495, 519.0921846291081) 37 32
35 fsimplus(1.5889390519909448, 0.16444211959926386, 3.971950566871788, 3.9080230777914884, -92.87593060716753) 38 33
35 fsimplus(1.6158999744517097, 0.1813657503335077, 4.651116049108049, 4.725972612246377, 552.6533584785898) 39 34
35 fsimplus(1.6624282526646224, 0.21322095657106724, 2.2866980864526267, 5.936971083603144, -420.99658932027336) 42 36
35 fsimplus(1.6104854616409967, 0.18994748060348987, 1.4028154705615852, 0.7160068505360206, 134.9050020054317) 46 40
35 fsimplus(1.5392032062221053, 0.19861239813832426, 2.788215968181282, 0.4070288692346923, 883.5017405433074) 48 43
35 fsimplus(1.5095981849509559, 0.20200039182538715, 5.940887890855908, 0.6536681647769909, 640.4701493312812) 49 44
35 fsimplus(1.6650386357289793, 0.19711690533502987, 5.4294358536623815, 0.5696768149295272, 163.61249356799496) 50 45
35 fsimplus(1.6213816814338031, 0.18739012175119282, 1.9102838360681291, 2.8846164185712007, -177.5258782381024) 52 47
35 fsimplus(1.499480188417732, 0.1812224014276746, 2.37289106045266, 1.2211766274540246, 367.98160699675196) 57 51
35 fsimplus(1.6186228896198394, 0.18864356234044033, 3.669523868003675, 1.9493164784311823, 561.0203606716766) 60 55
35 fsimplus(1.5995999157536334, 0.15554307060899167, 4.912937943663016, 0.7372204778546094, -477.267538906869) 61 56
35 fsimplus(1.6103105200761645, 0.17638372672372618, 2.0695729689674316, 4.4949771769760645, 142.33954705351996) 63 58
35 fsimplus(1.518064567090477, 0.1683076185926264, 5.95766804669132, 3.232221715947918, 199.39143952440017) 64 59
36 x_1_2 0
36 x_1_2 1
36 hz_1_2 2
36 x_1_2 3
36 hz_1_2 6
36 hz_1_2 7
36 x_1_2 8
36 x_1_2 9
36 hz_1_2 10
36 y_1_2 12
36 hz_1_2 13
36 x_1_2 14
36 x_1_2 15
36 x_1_2 16
36 y_1_2 18
36 x_1_2 19
36 hz_1_2 20
36 hz_1_2 21
36 y_1_2 23
36 hz_1_2 24
36 x_1_2 25
36 y_1_2 26
36 hz_1_2 27
36 x_1_2 28
36 hz_1_2 29
36 y_1_2 30
36 y_1_2 31
36 y_1_2 32
36 x_1_2 33
36 y_1_2 34
36 hz_1_2 35
36 y_1_2 36
36 y_1_2 37
36 hz_1_2 38
36 y_1_2 39
36 hz_1_2 40
36 y_1_2 41
36 y_1_2 42
36 y_1_2 43
36 y_1_2 44
36 y_1_2 45
36 x_1_2 46
36 x_1_2 47
36 x_1_2 48
36 hz_1_2 49
36 hz_1_2 50
36 y_1_2 51
36 y_1_2 52
36 x_1_2 53
36 x_1_2 54
36 y_1_2 55
36 x_1_2 56
36 hz_1_2 57
36 x_1_2 58
36 x_1_2 59
36 hz_1_2 60
36 y_1_2 61
36 y_1_2 62
36 hz_1_2 63
36 hz_1_2 64
37 fsimplus(1.5111000218423718, 0.18851668908741537, 4.836132603660779, 2.8661710310990633, -253.24742640634753) 8 1
37 fsimplus(1.6147525071957927, 0.20538204177345148, 0.8656208258594706, 4.696888319035786, -606.5685245228842) 12 6
37 fsimplus(1.6257201104909433, 0.19526325413381526, 0.9034369828492252, -1.6518103146696423, 125.53229376596472) 13 7
37 fsimplus(1.5882083752489913, 0.1775257866708262, 4.5723022902425114, 0.7834081398167787, -719.5221902089419) 15 9
37 fsimplus(1.5282839331524347, 0.17639072081808124, 0.2992989228489088, 1.1457443017190823, -321.80285712170365) 16 10
37 fsimplus(1.4889601440593194, 0.15821585835324153, 4.13550441268894, 7.444647416590335, -691.9429759718778) 21 14
37 fsimplus(1.633093575964243, 0.1766912514466733, 6.151473748517247, 0.3439847532990534, 174.59319491890915) 24 18
37 fsimplus(1.5848342290494837, 0.17966143511055732, 4.503060009593452, 2.6645878836750114, 319.7782206835803) 25 19
37 fsimplus(1.4896442155534313, 0.16093773276066844, 3.099351835367761, 4.7088208957324635, -342.97581673965436) 26 20
37 fsimplus(1.5448744795528868, 0.18650811021575875, 3.7971011153959964, 6.177618979156779, 1029.458575005568) 29 23
37 fsimplus(1.5215259747655119, 0.2054174119641903, 2.1634289586900426, 1.3802473095580605, 139.425201373303) 34 27
37 fsimplus(1.488228890352192, 0.2040699096082326, 0.11719677486006808, 0.8897563008822977, 151.9932701426209) 36 30
37 fsimplus(1.634673313678135, 0.18159591219656301, 4.156168534739736, 1.1373657096222864, 147.9151150927534) 37 31
37 fsimplus(1.5104448047274053, 0.19308567953610373, 2.971981942882328, 3.796318972363654, -284.3307302715595) 38 32
37 fsimplus(1.5963601162818506, 0.16588753264555217, 0.34318664166409224, -0.11477774775633726, 474.6313331572331) 39 33
37 fsimplus(1.5264703212260442, 0.18458042457500426, 3.5692388773787007, 0.6587657897111371, 689.7804597630131) 41 35
37 fsimplus(1.4826199710508585, 0.2017736956583126, 0.6166018038454444, -0.14125594150449738, -473.60397324129406) 47 40
37 fsimplus(1.6075526349869267, 0.19964878832470528, 4.136656054392035, 2.6169515445329203, 533.6492484995789) 48 42
37 fsimplus(1.5460259622551327, 0.19095299837261212, 1.4910243858456627, 1.762309444552757, 377.09893192714304) 49 43
37 fsimplus(1.5248058512709366, 0.1891828956369637, 0.9605334989817942, 5.247466413454192, 310.70712948507287) 50 44
37 fsimplus(1.5484290595369128, 0.15997879928341885, 0.3483542335222857, 0.054439637267940974, 587.2022449224346) 51 45
37 fsimplus(1.6199326893746826, 0.18611975284948473, 4.444340744509945, 0.780475614526548, -801.8165367906006) 52 46
37 fsimplus(1.642355841294816, 0.19157656051668484, 3.7176348551729435, 1.4300810763225351, -346.87530776268795) 60 54
37 fsimplus(1.6644388038489115, 0.19502903097921787, 2.645621719140952, 6.583555405509486, 216.00543840242145) 61 55
37 fsimplus(1.4801091798312997, 0.18624158598287344, 1.1497290335852894, 4.158225492522211, 171.66380690885813) 62 56
37 fsimplus(1.5290492923199186, 0.1541478993990685, 1.1707844543376233, 5.425214521069728, 341.7955243228956) 63 57
37 fsimplus(1.6140740175489499, 0.18634429320957113, 1.2432219867536267, 0.5027160788143354, -517.9867026705308) 64 58
38 y_1_2 0
38 hz_1_2 1
38 x_1_2 2
38 hz_1_2 3
38 x_1_2 6
38 y_1_2 7
38 hz_1_2 8
38 hz_1_2 9
38 y_1_2 10
38 hz_1_2 12
38 y_1_2 13
38 y_1_2 14
38 hz_1_2 15
38 y_1_2 16
38 x_1_2 18
38 hz_1_2 19
38 x_1_2 20
38 y_1_2 21
38 hz_1_2 23
38 x_1_2 24
38 hz_1_2 25
38 x_1_2 26
38 x_1_2 27
38 hz_1_2 28
38 x_1_2 29
38 x_1_2 30
38 x_1_2 31
38 hz_1_2 32
38 hz_1_2 33
38 hz_1_2 34
38 y_1_2 35
38 x_1_2 36
38 x_1_2 37
38 y_1_2 38
38 x_1_2 39
38 x_1_2 40
38 hz_1_2 41
38 x_1_2 42
38 x_1_2 43
38 x_1_2 44
38 x_1_2 45
38 hz_1_2 46
38 hz_1_2 47
38 y_1_2 48
38 y_1_2 49
38 x_1_2 50
38 x_1_2 51
38 hz_1_2 52
38 hz_1_2 53
38 y_1_2 54
38 x_1_2 55
38 y_1_2 56
38 y_1_2 57
38 y_1_2 58
38 y_1_2 59
38 x_1_2 60
38 hz_1_2 61
38 hz_1_2 62
38 y_1_2 63
38 y_1_2 64
39 fsimplus(1.6174677510208517, 0.16281864892568088, 1.444629574659949, 2.2662285417691215, -186.22394296345934) 7 0
39 fsimplus(1.5232017019520603, 0.17227777016215728, 0.28495291257941624, 2.46080341943929, 285.0912022992795) 9 2
39 fsimplus(1.5964347010911553, 0.170217972688955, 2.140035573741915, 6.771191207458802, -723.0236155317008) 10 3
39 fsimplus(1.6785877166925074, 0.1861827087498819, 1.0734489779294656, 1.8514593884192125, 217.29730945048297) 14 8
39 fsimplus(1.6300424014432686, 0.22659667037143416, 2.47895000247167, 5.566612564683753, 865.3252915520662) 19 12
39 fsimplus(1.5573211971981107, 0.19330357040557405, 3.3054510072453613, 0.4633338860064212, 751.9207666142942) 20 13
39 fsimplus(1.6170309820114532, 0.17883039227347738, 1.4880530099237421, 2.2249309361955816, -199.31764032520155) 23 16
39 fsimplus(1.5441797176608576, 0.19488313274977748, 1.049757569029412, 3.603289959333323, -313.8148611702278) 27 21
39 fsimplus(1.4597752978599656, 0.18749661303051007, 5.846944463684973, 4.118933341329517, 164.52706112101293) 31 24
39 fsimplus(1.6259141016545344, 0.18796568969322663, 4.003352537855213, 0.267023918096889, -1113.2212046982827) 32 25
39 fsimplus(1.5354600170291066, 0.15969285906607322, 2.3652263159037084, 0.3725147314824201, -774.2506524945551) 33 26
39 fsimplus(1.4773023047267158, 0.17640223085957663, 4.726622314079438, 0.662284469789647, 301.8270013227698) 35 28
39 fsimplus(1.446246967921287, 0.18203441327314945, 1.7476605215307086, 5.959642360922152, 1048.828792582729) 40 34
39 fsimplus(1.5183336261508051, 0.18951537564968027, 4.457733789666268, 3.0261900793837375, -899.155692754454) 43 36
39 fsimplus(1.5293384627578517, 0.16564903041123996, 0.529442776203834, 6.4608204022483, -793.7833280751262) 44 37
39 fsimplus(1.5219203295597623, 0.16640021727397925, 4.582968042559623, 4.074122181547817, 233.99113496425747) 45 38
39 fsimplus(1.5426390007511879, 0.16031262152930903, 0.3743525389974256, 5.478767869589251, 583.2111777865139) 46 39
39 fsimplus(1.6312030867287959, 0.19762629524357667, 4.973872972803321, 6.59333776624377, 506.09517075678957) 53 47
39 fsimplus(1.5315116011297059, 0.19383163981463042, 3.1169466378227533, 6.661884563584321, -818.690493107833) 55 48
39 fsimplus(1.4955839404919338, 0.20596697911407225, 6.216096569314644, 5.9059069245245, 542.9288401534969) 56 49
39 fsimplus(1.6027482868547813, 0.14664101449082007, 0.3018835225227273, 2.120296006553163, 850.2119637654439) 57 50
39 fsimplus(1.594657436077075, 0.162031414039307, 3.6745708832508344, 5.9958021553120435, 610.7419253005804) 58 51
39 fsimplus(1.6172667644620047, 0.1800375848050927, 1.880811032930498, 1.9643660583966098, 345.5974012897056) 59 52
40 hz_1_2 0
40 y_1_2 1
40 y_1_2 2
40 x_1_2 3
40 hz_1_2 6
40 hz_1_2 7
40 y_1_2 8
40 x_1_2 9
40 x_1_2 10
40 x_1_2 12
40 x_1_2 13
40 hz_1_2 14
40 y_1_2 15
40 x_1_2 16
40 y_1_2 18
40 x_1_2 19
40 y_1_2 20
40 hz_1_2 21
40 y_1_2 23
40 y_1_2 24
40 y_1_2 25
40 hz_1_2 26
40 hz_1_2 27
40 x_1_2 28
40 hz_1_2 29
40 y_1_2 30
40 y_1_2 31
40 y_1_2 32
40 x_1_2 33
40 y_1_2 34
40 x_1_2 35
40 hz_1_2 36
40 y_1_2 37
40 hz_1_2 38
40 y_1_2 39
40 hz_1_2 40
40 y_1_2 41
40 hz_1_2 42
40 y_1_2 43
40 y_1_2 44
40 hz_1_2 45
40 x_1_2 46
40 y_1_2 47
40 hz_1_2 48
40 x_1_2 49
40 y_1_2 50
40 y_1_2 51
40 x_1_2 52
40 x_1_2 53
40 hz_1_2 54
40 y_1_2 55
40 x_1_2 56
40 x_1_2 57
40 x_1_2 58
40 x_1_2 59
40 y_1_2 60
40 y_1_2 61
40 y_1_2 62
40 hz_1_2 63
40 hz_1_2 64
41 fsimplus(1.5111000218423718, 0.18851668908741537, 4.836132603660779, 2.8661710310990633, -282.8035300913203) 8 1
41 fsimplus(1.6147525071957927, 0.20538204177345148, 0.8656208258594706, 4.696888319035786, -676.148518614591) 12 6
41 fsimplus(1.6257201104909433, 0.19526325413381526, 0.9034369828492252, -1.6518103146696423, 139.57144301632678) 13 7
41 fsimplus(1.5882083752489913, 0.1775257866708262, 4.5723022902425114, 0.7834081398167787, -802.0329796628241) 15 9
41 fsimplus(1.5282839331524347, 0.17639072081808124, 0.2992989228489088, 1.1457443017190823, -358.74798672791957) 16 10
41 fsimplus(1.4889601440593194, 0.15821585835324153, 4.13550441268894, 7.444647416590335, -771.375004625242) 21 14
41 fsimplus(1.633093575964243, 0.1766912514466733, 6.151473748517247, 0.3439847532990534, 194.29726404222433) 24 18
41 fsimplus(1.5848342290494837, 0.17966143511055732, 4.503060009593452, 2.6645878836750114, 356.10759812969263) 25 19
41 fsimplus(1.4896442155534313, 0.16093773276066844, 3.099351835367761, 4.7088208957324635, -382.3839549862847) 26 20
41 fsimplus(1.5448744795528868, 0.18650811021575875, 3.7971011153959964, 6.177618979156779, 1147.0672375853555) 29 23
41 fsimplus(1.5215259747655119, 0.2054174119641903, 2.1634289586900426, 1.3802473095580605, 154.81900537589297) 34 27
41 fsimplus(1.488228890352192, 0.2040699096082326, 0.11719677486006808, 0.8897563008822977, 169.2343306255217) 36 30
41 fsimplus(1.634673313678135, 0.18159591219656301, 4.156168534739736, 1.1373657096222864, 164.54042341555058) 37 31
41 fsimplus(1.5104448047274053, 0.19308567953610373, 2.971981942882328, 3.796318972363654, -316.96559475705027) 38 32
41 fsimplus(1.5963601162818506, 0.16588753264555217, 0.34318664166409224, -0.11477774775633726, 528.8175232463498) 39 33
41 fsimplus(1.5264703212260442, 0.18458042457500426, 3.5692388773787007, 0.6587657897111371, 768.5967362562739) 41 35
41 fsimplus(1.4826199710508585, 0.2017736956583126, 0.6166018038454444, -0.14125594150449738, -527.8517385464211) 47 40
41 fsimplus(1.6075526349869267, 0.19964878832470528, 4.136656054392035, 2.6169515445329203, 594.6087123498352) 48 42
41 fsimplus(1.5460259622551327, 0.19095299837261212, 1.4910243858456627, 1.762309444552757, 419.5858309742914) 49 43
41 fsimplus(1.5248058512709366, 0.1891828956369637, 0.9605334989817942, 5.247466413454192, 345.805002610978) 50 44
41 fsimplus(1.5484290595369128, 0.15997879928341885, 0.3483542335222857, 0.054439637267940974, 654.3192303737269) 51 45
41 fsimplus(1.6199326893746826, 0.18611975284948473, 4.444340744509945, 0.780475614526548, -893.5636086460368) 52 46
41 fsimplus(1.642355841294816, 0.19157656051668484, 3.7176348551729435, 1.4300810763225351, -386.8991981694219) 60 54
41 fsimplus(1.6644388038489115, 0.19502903097921787, 2.645621719140952, 6.583555405509486, 240.01977264646186) 61 55
41 fsimplus(1.4801091798312997, 0.18624158598287344, 1.1497290335852894, 4.158225492522211, 190.75212387206972) 62 56
41 fsimplus(1.5290492923199186, 0.1541478993990685, 1.1707844543376233, 5.425214521069728, 380.5879104094223) 63 57
41 fsimplus(1.6140740175489499, 0.18634429320957113, 1.2432219867536267, 0.5027160788143354, -577.5915117685591) 64 58
42 x_1_2 0
42 hz_1_2 1
42 hz_1_2 2
42 hz_1_2 3
42 y_1_2 6
42 y_1_2 7
42 hz_1_2 8
42 hz_1_2 9
42 y_1_2 10
42 hz_1_2 12
42 y_1_2 13
42 x_1_2 14
42 hz_1_2 15
42 y_1_2 16
42 x_1_2 18
42 y_1_2 19
42 hz_1_2 20
42 x_1_2 21
42 hz_1_2 23
42 x_1_2 24
42 hz_1_2 25
42 x_1_2 26
42 y_1_2 27
42 y_1_2 28
42 x_1_2 29
42 hz_1_2 30
42 hz_1_2 31
42 hz_1_2 32
42 hz_1_2 33
42 hz_1_2 34
42 hz_1_2 35
42 y_1_2 36
42 x_1_2 37
42 y_1_2 38
42 hz_1_2 39
42 x_1_2 40
42 x_1_2 41
42 x_1_2 42
42 hz_1_2 43
42 x_1_2 44
42 y_1_2 45
42 hz_1_2 46
42 x_1_2 47
42 x_1_2 48
42 hz_1_2 49
42 hz_1_2 50
42 hz_1_2 51
42 y_1_2 52
42 hz_1_2 53
42 x_1_2 54
42 x_1_2 55
42 y_1_2 56
42 y_1_2 57
42 y_1_2 58
42 y_1_2 59
42 x_1_2 60
42 x_1_2 61
42 hz_1_2 62
42 x_1_2 63
42 x_1_2 64
43 fsimplus(1.5418050861783477, 0.17421270774349393, 2.704501058368248, 0.24853609331538176, 266.43656615971446) 9 3
43 fsimplus(1.6221173243049871, 0.17375092175007928, 0.7563148627969938, 5.852502350446331, -170.78265108485996) 12 7
43 fsimplus(1.611488102919184, 0.19120833380586139, 0.378782506802781, 5.808328931908534, -205.8212764891958) 13 8
43 fsimplus(1.6198933653293974, 0.18150295286580212, 0.9093116821329097, 3.671267744051753, 228.4008070709192) 15 10
43 fsimplus(1.6627224340346989, 0.15195652678065327, 3.4772494421605797, 4.695941090812999, 380.09395728004716) 20 14
43 fsimplus(1.5518347896233031, 0.16812426032413502, 3.8860285707457862, 2.7249170602248425, -566.5795876542575) 24 19
43 fsimplus(1.6593234001518593, 0.19084934293654326, 0.23473098985299562, 0.4390405320688908, 789.4086549054962) 26 21
43 fsimplus(1.5186341420556513, 0.15661128652423423, 3.9944679418440208, 7.141688785630099, 494.9686018945968) 28 23
43 fsimplus(1.595996625111896, 0.16817129713493012, 5.365486477765819, 2.513364818250702, -762.1837683924857) 31 25
43 fsimplus(1.5810917433275087, 0.16177875932077235, 5.57039034859706, 4.40037883355617, -376.60413677710403) 35 29
43 fsimplus(1.5503663504476375, 0.18521899710000794, 2.866390678615174, 5.8183020962126495, 644.7056252902424) 37 32
43 fsimplus(1.5889390519909448, 0.16444211959926386, 3.971950566871788, 3.9080230777914884, -116.27451269110433) 38 33
43 fsimplus(1.6158999744517097, 0.1813657503335077, 4.651116049108049, 4.725972612246377, 685.6558250609672) 39 34
43 fsimplus(1.6624282526646224, 0.21322095657106724, 2.2866980864526267, 5.936971083603144, -524.4429522176781) 42 36
43 fsimplus(1.6104854616409967, 0.18994748060348987, 1.4028154705615852, 0.7160068505360206, 166.80096389879813) 46 40
43 fsimplus(1.5392032062221053, 0.19861239813832426, 2.788215968181282, 0.4070288692346923, 1097.7834922593597) 48 43
43 fsimplus(1.5095981849509559, 0.20200039182538715, 5.940887890855908, 0.6536681647769909, 794.408189357181) 49 44
43 fsimplus(1.6650386357289793, 0.19711690533502987, 5.4294358536623815, 0.5696768149295272, 203.02063181462532) 50 45
43 fsimplus(1.6213816814338031, 0.18739012175119282, 1.9102838360681291, 2.8846164185712007, -220.62852944535433) 52 47
43 fsimplus(1.499480188417732, 0.1812224014276746, 2.37289106045266, 1.2211766274540246, 456.64991805167034) 57 51
43 fsimplus(1.6186228896198394, 0.18864356234044033, 3.669523868003675, 1.9493164784311823, 696.4858358944684) 60 55
43 fsimplus(1.5995999157536334, 0.15554307060899167, 4.912937943663016, 0.7372204778546094, -594.2604493265528) 61 56
43 fsimplus(1.6103105200761645, 0.17638372672372618, 2.0695729689674316, 4.4949771769760645, 176.82166801932152) 63 58
43 fsimplus(1.518064567090477, 0.1683076185926264, 5.95766804669132, 3.232221715947918, 247.6664088765224) 64 59
44 y_1_2 0
44 x_1_2 1
44 y_1_2 2
44 x_1_2 3
44 hz_1_2 6
44 x_1_2 7
44 y_1_2 8
44 x_1_2 9
44 hz_1_2 10
44 y_1_2 12
44 hz_1_2 13
44 y_1_2 14
44 x_1_2 15
44 x_1_2 16
44 y_1_2 18
44 x_1_2 19
44 x_1_2 20
44 hz_1_2 21
44 x_1_2 23
44 y_1_2 24
44 x_1_2 25
44 hz_1_2 26
44 x_1_2 27
44 hz_1_2 28
44 hz_1_2 29
44 y_1_2 30
44 x_1_2 31
44 x_1_2 32
44 y_1_2 33
44 x_1_2 34
44 y_1_2 35
44 hz_1_2 36
44 hz_1_2 37
44 hz_1_2 38
44 y_1_2 39
44 hz_1_2 40
44 hz_1_2 41
44 hz_1_2 42
44 x_1_2 43
44 hz_1_2 44
44 x_1_2 45
44 y_1_2 46
44 hz_1_2 47
44 y_1_2 48
44 y_1_2 49
44 x_1_2 50
44 x_1_2 51
44 hz_1_2 52
44 y_1_2 53
44 hz_1_2 54
44 hz_1_2 55
44 hz_1_2 56
44 hz_1_2 57
44 hz_1_2 58
44 hz_1_2 59
44 hz_1_2 60
44 hz_1_2 61
44 y_1_2 62
44 hz_1_2 63
44 hz_1_2 64