56
0 x_1_2 1
0 y_1_2 2
0 y_1_2 3
0 hz_1_2 4
0 y_1_2 7
0 y_1_2 8
0 x_1_2 9
0 y_1_2 10
0 hz_1_2 11
0 x_1_2 12
0 y_1_2 13
0 x_1_2 14
0 y_1_2 15
0 hz_1_2 16
0 y_1_2 17
0 x_1_2 19
0 hz_1_2 20
0 y_1_2 21
0 hz_1_2 22
0 hz_1_2 23
0 y_1_2 25
0 hz_1_2 26
0 y_1_2 27
0 x_1_2 28
0 y_1_2 29
0 y_1_2 31
0 x_1_2 32
0 hz_1_2 33
0 x_1_2 34
0 hz_1_2 35
0 x_1_2 36
0 y_1_2 37
0 y_1_2 38
0 y_1_2 39
0 hz_1_2 40
0 x_1_2 41
0 y_1_2 43
0 y_1_2 44
0 x_1_2 45
0 x_1_2 46
0 x_1_2 47
0 y_1_2 48
0 y_1_2 49
0 y_1_2 50
0 x_1_2 51
0 x_1_2 52
0 x_1_2 53
0 hz_1_2 55
0 y_1_2 56
0 hz_1_2 57
0 y_1_2 58
0 y_1_2 59
0 y_1_2 61
0 hz_1_2 62
0 x_1_2 63
0 hz_1_2 64
1 fsimplus(1.5979554653167725, -0.10773517191410065, 1.4501397609710693, 3.719292402267456, -12.648089741109384) 3 9
1 fsimplus(1.6206047534942627, -0.1272132694721222, -0.9637511372566223, -0.9392303228378296, -16.783371647520045) 4 10
1 fsimplus(1.5413240194320679, -0.1283116191625595, 0.8466215133666992, 0.6190890073776245, -11.781362763386275) 7 12
1 fsimplus(1.6063297986984253, -0.11263466626405716, 0.40882909297943115, 0.8336535692214966, 12.324035602051287) 8 13
1 fsimplus(1.5983155965805054, -0.158058762550354, -0.4594337046146393, 0.4942000210285187, -7.861995424337466) 14 20
1 fsimplus(1.59918212890625, -0.12558265030384064, -0.4692456126213074, -1.0348939895629883, -10.570779209239662) 15 21
1 fsimplus(1.5381124019622803, -0.129357248544693, -0.18845537304878235, -1.3278207778930664, 16.817855496491326) 16 22
1 fsimplus(1.5323961973190308, -0.14528799057006836, 1.5222502946853638, -0.08053646981716156, -12.545805834985337) 23 28
1 fsimplus(1.6076531410217285, -0.14802110195159912, -0.053584180772304535, -1.5703483819961548, -7.396911018682097) 25 31
1 fsimplus(1.5436575412750244, -0.15254975855350494, 0.6418281197547913, -0.5436755418777466, 17.138971048270747) 26 32
1 fsimplus(1.598997950553894, -0.13433457911014557, 1.3404016494750977, 0.9307005405426025, -7.6461763553795095) 27 33
1 fsimplus(1.5955685377120972, -0.13304831087589264, -0.44950228929519653, -2.0927577018737793, -5.950073054170138) 34 39
1 fsimplus(1.5310243368148804, -0.15074193477630615, 0.36913245916366577, 0.9948738217353821, -15.532667122542486) 35 40
1 fsimplus(1.5274745225906372, -0.1400471180677414, 1.2695279121398926, 0.0011498271487653255, 26.513251785832388) 37 43
1 fsimplus(1.531766653060913, -0.15104913711547852, 1.444717288017273, -0.46212872862815857, -13.67066890061494) 38 44
1 fsimplus(1.5244033336639404, -0.12593550980091095, -0.7218642830848694, 2.821868658065796, -4.965272598476946) 45 50
1 fsimplus(1.605748176574707, -0.1509491205215454, -1.514675259590149, -0.2703818082809448, 17.12661884802955) 46 51
1 fsimplus(1.531211256980896, -0.12840406596660614, -0.6747065782546997, -1.5842417478561401, 17.262460819536187) 47 52
1 fsimplus(1.5358898639678955, -0.13996633887290955, 0.7505143284797668, 0.7865577936172485, -6.827734495628723) 49 55
1 fsimplus(1.6150641441345215, -0.1307845413684845, 0.2545004189014435, 2.9044272899627686, 20.61812866032793) 56 61
1 fsimplus(1.5325641632080078, -0.12452762573957443, -0.5045234560966492, -1.5445146560668945, 13.104903751443526) 57 62
1 fsimplus(1.5275187492370605, -0.1414560079574585, 0.0701705813407898, 1.5085934400558472, -7.6536001788470145) 58 63
1 fsimplus(1.6067646741867065, -0.12805402278900146, -1.052878737449646, 0.5938245058059692, 16.038411274992146) 59 64
2 hz_1_2 1
2 x_1_2 2
2 hz_1_2 3
2 y_1_2 4
2 x_1_2 7
2 hz_1_2 8
2 y_1_2 9
2 x_1_2 10
2 y_1_2 11
2 hz_1_2 12
2 hz_1_2 13
2 hz_1_2 14
2 x_1_2 15
2 x_1_2 16
2 hz_1_2 17
2 hz_1_2 19
2 x_1_2 20
2 x_1_2 21
2 x_1_2 22
2 y_1_2 23
2 x_1_2 25
2 y_1_2 26
2 hz_1_2 27
2 hz_1_2 28
2 x_1_2 29
2 x_1_2 31
2 hz_1_2 32
2 x_1_2 33
2 hz_1_2 34
2 y_1_2 35
2 hz_1_2 36
2 hz_1_2 37
2 x_1_2 38
2 hz_1_2 39
2 x_1_2 40
2 hz_1_2 41
2 x_1_2 43
2 x_1_2 44
2 y_1_2 45
2 y_1_2 46
2 hz_1_2 47
2 x_1_2 48
2 x_1_2 49
2 hz_1_2 50
2 y_1_2 51
2 hz_1_2 52
2 hz_1_2 53
2 y_1_2 55
2 x_1_2 56
2 x_1_2 57
2 x_1_2 58
2 hz_1_2 59
2 x_1_2 61
2 x_1_2 62
2 y_1_2 63
2 x_1_2 64
3 fsimplus(1.5446350574493408, -0.13468104600906372, -0.6687090992927551, -0.795185387134552, 63.389822308284614) 1 7
3 fsimplus(1.5307981967926025, -0.13552452623844147, 1.5385503768920898, -0.1771245002746582, -61.04914879060981) 2 8
3 fsimplus(1.617964506149292, -0.12122070789337158, 0.6821352243423462, -0.6313515901565552, 58.17539341512695) 9 14
3 fsimplus(1.632840633392334, -0.1428118646144867, 0.6131274700164795, 0.17972370982170105, 14.801191020779273) 10 15
3 fsimplus(1.5432918071746826, -0.11193565279245377, 0.8540021777153015, -0.0955786183476448, -22.656708556902636) 11 16
3 fsimplus(1.5604987144470215, -0.1448139250278473, -0.7449406385421753, 0.565971314907074, -14.071951790093305) 13 19
3 fsimplus(1.5242356061935425, -0.14853712916374207, -0.8374187350273132, 2.2156941890716553, -50.49227159971741) 17 23
3 fsimplus(1.5479425191879272, -0.09543639421463013, 0.38279932737350464, -0.35853591561317444, -20.363616772737622) 20 25
3 fsimplus(1.6059616804122925, -0.1287727802991867, -1.3430296182632446, -0.7409613132476807, -79.45925931993814) 21 26
3 fsimplus(1.5293766260147095, -0.14510102570056915, 0.6160158514976501, 0.7413054704666138, -23.76457704698436) 22 27
3 fsimplus(1.5485318899154663, -0.134323388338089, 0.973257303237915, 0.460052490234375, -24.242140278257565) 28 34
3 fsimplus(1.6048939228057861, -0.13388706743717194, -0.29760903120040894, -1.6896480321884155, -50.99654969173909) 29 35
3 fsimplus(1.5176513195037842, -0.13378562033176422, -0.5584571361541748, 1.9715285301208496, -30.590314815241904) 31 36
3 fsimplus(1.5248841047286987, -0.11243146657943726, 1.43203866481781, 1.06298828125, -66.10600053671793) 32 37
3 fsimplus(1.6163146495819092, -0.1473688781261444, 1.085403323173523, 2.295940637588501, 64.49394506227485) 33 38
3 fsimplus(1.6081222295761108, -0.11798654496669769, -1.2561837434768677, 1.0439376831054688, 77.00805934641633) 39 45
3 fsimplus(1.5173612833023071, -0.13742820918560028, -0.46315112709999084, -2.284120559692383, 11.40653318537312) 40 46
3 fsimplus(1.6117135286331177, -0.12957586348056793, 0.2832072675228119, 1.8054405450820923, -50.034952513949364) 41 47
3 fsimplus(1.5955312252044678, -0.1527898609638214, 0.8986088633537292, 0.08721911907196045, -23.31628220291984) 43 48
3 fsimplus(1.5399425029754639, -0.155563086271286, 0.28087669610977173, 0.691842257976532, -43.46438320757805) 44 49
3 fsimplus(1.630867600440979, -0.1396857649087906, -0.01795892044901848, 1.9695262908935547, -11.409929096150385) 50 56
3 fsimplus(1.6132863759994507, -0.13656151294708252, -1.5900704860687256, 0.08506719768047333, -76.50082217748364) 51 57
3 fsimplus(1.5439438819885254, -0.13192331790924072, -0.459609717130661, -1.8153867721557617, 70.91801599431383) 52 58
3 fsimplus(1.6094332933425903, -0.12019175291061401, 0.2479204535484314, 0.6788816452026367, 76.44127563053327) 53 59
4 y_1_2 1
4 hz_1_2 2
4 x_1_2 3
4 hz_1_2 4
4 y_1_2 7
4 x_1_2 8
4 x_1_2 9
4 y_1_2 10
4 x_1_2 11
4 y_1_2 12
4 y_1_2 13
4 x_1_2 14
4 hz_1_2 15
4 hz_1_2 16
4 x_1_2 17
4 y_1_2 19
4 hz_1_2 20
4 y_1_2 21
4 hz_1_2 22
4 hz_1_2 23
4 y_1_2 25
4 hz_1_2 26
4 x_1_2 27
4 y_1_2 28
4 y_1_2 29
4 hz_1_2 31
4 x_1_2 32
4 y_1_2 33
4 x_1_2 34
4 hz_1_2 35
4 y_1_2 36
4 y_1_2 37
4 hz_1_2 38
4 y_1_2 39
4 y_1_2 40
4 x_1_2 41
4 hz_1_2 43
4 y_1_2 44
4 x_1_2 45
4 hz_1_2 46
4 x_1_2 47
4 y_1_2 48
4 hz_1_2 49
4 x_1_2 50
4 hz_1_2 51
4 y_1_2 52
4 x_1_2 53
4 hz_1_2 55
4 hz_1_2 56
4 hz_1_2 57
4 hz_1_2 58
4 x_1_2 59
4 y_1_2 61
4 hz_1_2 62
4 hz_1_2 63
4 hz_1_2 64
5 fsimplus(1.600311040878296, -0.12419997155666351, -1.4836472272872925, -0.09175607562065125, -32.99336506112399) 3 10
5 fsimplus(1.6215472221374512, -0.1396775096654892, 1.4284284114837646, 1.3345654010772705, -152.21444962544413) 4 11
5 fsimplus(1.6060925722122192, -0.12337405979633331, -1.401180624961853, 0.75766521692276, 86.99394151114141) 8 14
5 fsimplus(1.5806424617767334, -0.15211080014705658, 0.8753284811973572, -2.5258655548095703, 70.35214258276521) 9 15
5 fsimplus(1.5282790660858154, -0.14381331205368042, -0.3881719708442688, -3.0333142280578613, 29.989261615245407) 12 19
5 fsimplus(1.5015573501586914, -0.14111976325511932, 1.4534162282943726, -1.4750994443893433, -17.005247114735937) 13 20
5 fsimplus(1.6167263984680176, -0.15693305432796478, -0.8310115933418274, 0.9915308356285095, 22.708328978695267) 16 23
5 fsimplus(1.6095796823501587, -0.13978342711925507, -1.2597733736038208, -0.40658050775527954, -25.880057012503258) 21 27
5 fsimplus(1.5381345748901367, -0.14592130482196808, -0.0989154726266861, -1.0227842330932617, -127.45213192627347) 22 28
5 fsimplus(1.5994360446929932, -0.1361493021249771, 1.2483417987823486, -2.0495402812957764, -37.22440393508525) 25 32
5 fsimplus(1.5448917150497437, -0.1323370337486267, -0.8607275485992432, -2.234393835067749, 59.22030080507074) 26 33
5 fsimplus(1.5413964986801147, -0.11502473056316376, 1.1784230470657349, 2.2765347957611084, 41.973522961620674) 34 40
5 fsimplus(1.6120455265045166, -0.13017092645168304, -0.7868511080741882, 1.891609787940979, -118.35960337163051) 35 41
5 fsimplus(1.5358302593231201, -0.1438470333814621, -0.4022025465965271, -1.6827073097229004, 86.30332097752238) 36 43
5 fsimplus(1.6129465103149414, -0.15393845736980438, 0.488312304019928, -0.7346457839012146, 110.60696620948286) 37 44
5 fsimplus(1.6236952543258667, -0.1468815952539444, -1.5521750450134277, -2.015568733215332, -78.2082268669996) 38 45
5 fsimplus(1.6191695928573608, -0.1272864192724228, -0.39417481422424316, 1.1543866395950317, 85.60336329834207) 39 46
5 fsimplus(1.5916013717651367, -0.1265886425971985, 0.7200601696968079, 1.1882858276367188, 41.19041645588601) 47 53
5 fsimplus(1.5241869688034058, -0.20875729620456696, 0.2938883602619171, 0.6789677143096924, -106.41787997118936) 48 55
5 fsimplus(1.5359559059143066, -0.1340981274843216, -0.28427284955978394, -1.7961530685424805, 20.35492397063107) 49 56
5 fsimplus(1.5397664308547974, -0.13798993825912476, 0.9442697167396545, 2.271878480911255, -52.307697076141764) 50 57
5 fsimplus(1.6030642986297607, -0.1470065861940384, 1.1379460096359253, -1.6871254444122314, -34.529681844617215) 51 58
5 fsimplus(1.6085096597671509, -0.14888769388198853, -0.10912202298641205, 1.500234842300415, 80.85903767144588) 52 59
6 hz_1_2 1
6 x_1_2 2
6 hz_1_2 3
6 y_1_2 4
6 hz_1_2 7
6 y_1_2 8
6 y_1_2 9
6 x_1_2 10
6 y_1_2 11
6 x_1_2 12
6 hz_1_2 13
6 hz_1_2 14
6 x_1_2 15
6 y_1_2 16
6 y_1_2 17
6 x_1_2 19
6 y_1_2 20
6 x_1_2 21
6 y_1_2 22
6 y_1_2 23
6 hz_1_2 25
6 y_1_2 26
6 y_1_2 27
6 x_1_2 28
6 hz_1_2 29
6 y_1_2 31
6 hz_1_2 32
6 hz_1_2 33
6 hz_1_2 34
6 x_1_2 35
6 hz_1_2 36
6 x_1_2 37
6 x_1_2 38
6 x_1_2 39
6 x_1_2 40
6 hz_1_2 41
6 y_1_2 43
6 x_1_2 44
6 y_1_2 45
6 x_1_2 46
6 hz_1_2 47
6 hz_1_2 48
6 y_1_2 49
6 y_1_2 50
6 x_1_2 51
6 x_1_2 52
6 y_1_2 53
6 y_1_2 55
6 y_1_2 56
6 x_1_2 57
6 y_1_2 58
6 hz_1_2 59
6 x_1_2 61
6 y_1_2 62
6 y_1_2 63
6 y_1_2 64
7 fsimplus(1.508231520652771, -0.14411550760269165, -0.8398980498313904, 1.2348335981369019, 26.27817230652989) 1 8
7 fsimplus(1.536507487297058, -0.14455725252628326, 0.19119000434875488, -1.6278109550476074, -156.9091123517838) 2 9
7 fsimplus(1.553171157836914, -0.15091893076896667, 0.6291438341140747, -0.8855160474777222, -33.82741055758655) 7 13
7 fsimplus(1.5447182655334473, -0.14592647552490234, 1.460141658782959, -0.13674509525299072, -134.02814237226082) 10 16
7 fsimplus(1.5283665657043457, -0.11888892948627472, -0.7553731799125671, -0.8286629319190979, 105.03010532461028) 11 17
7 fsimplus(1.51483154296875, -0.1400664746761322, 0.23159462213516235, 2.1888720989227295, -114.68466287105875) 14 21
7 fsimplus(1.532601237297058, -0.13746438920497894, 0.7502246499061584, 0.5731300711631775, -60.50964097053359) 15 22
7 fsimplus(1.5090237855911255, -0.1623980849981308, -1.510617971420288, 1.8405476808547974, -21.87400379360954) 19 25
7 fsimplus(1.5275741815567017, -0.125349223613739, 0.6603471040725708, 0.4353642761707306, -241.66536365003344) 20 26
7 fsimplus(1.5331789255142212, -0.14154872298240662, 1.3883168697357178, 0.6221066117286682, 140.23780763926192) 23 29
7 fsimplus(1.534623384475708, -0.12846553325653076, -0.7768941521644592, 1.641015648841858, -175.4221619614763) 27 34
7 fsimplus(1.6025071144104004, -0.14094053208827972, -0.09164398163557053, 1.941541075706482, 115.53499058150582) 28 35
7 fsimplus(1.6001439094543457, -0.15485748648643494, -0.1333259642124176, -0.19928979873657227, -139.1951440370223) 31 37
7 fsimplus(1.5230696201324463, -0.13302358984947205, -0.2830870449542999, -2.398369312286377, 77.18751700406357) 32 38
7 fsimplus(1.597196102142334, -0.14054419100284576, -1.0669587850570679, -0.07799580693244934, -142.32555172138706) 33 39
7 fsimplus(1.5530760288238525, -0.11834309995174408, -0.9747694134712219, -3.494321584701538, -176.98810370755106) 40 47
7 fsimplus(1.5406194925308228, -0.13480401039123535, -0.5722049474716187, -0.3444143533706665, -138.93564793601288) 43 49
7 fsimplus(1.5847784280776978, -0.16219915449619293, 0.6903707385063171, -1.7470723390579224, -59.04702892884124) 44 50
7 fsimplus(1.5336220264434814, -0.14085620641708374, -0.5170878767967224, -1.5452650785446167, 78.41555579740017) 45 51
7 fsimplus(1.6115257740020752, -0.11984996497631073, -0.9303760528564453, -0.40642449259757996, -80.2824783674944) 46 52
7 fsimplus(1.5518465042114258, -0.13150422275066376, -0.7843353748321533, -2.552105188369751, 219.62431445766768) 55 61
7 fsimplus(1.5914655923843384, -0.11815202236175537, 0.0834135040640831, -1.0118848085403442, 72.24263834644891) 56 62
7 fsimplus(1.608649492263794, -0.11975647509098053, 0.0055139572359621525, 1.766855001449585, 69.17169776771625) 57 63
7 fsimplus(1.5386476516723633, -0.12157969921827316, -0.8024630546569824, -1.6492602825164795, 82.3599729104979) 58 64
8 x_1_2 1
8 y_1_2 2
8 y_1_2 3
8 hz_1_2 4
8 y_1_2 7
8 hz_1_2 8
8 x_1_2 9
8 y_1_2 10
8 x_1_2 11
8 y_1_2 12
8 x_1_2 13
8 y_1_2 14
8 hz_1_2 15
8 x_1_2 16
8 hz_1_2 17
8 y_1_2 19
8 hz_1_2 20
8 hz_1_2 21
8 x_1_2 22
8 x_1_2 23
8 y_1_2 25
8 hz_1_2 26
8 x_1_2 27
8 hz_1_2 28
8 y_1_2 29
8 x_1_2 31
8 x_1_2 32
8 y_1_2 33
8 x_1_2 34
8 y_1_2 35
8 y_1_2 36
8 hz_1_2 37
8 hz_1_2 38
8 hz_1_2 39
8 y_1_2 40
8 x_1_2 41
8 x_1_2 43
8 y_1_2 44
8 hz_1_2 45
8 hz_1_2 46
8 x_1_2 47
8 x_1_2 48
8 x_1_2 49
8 hz_1_2 50
8 y_1_2 51
8 y_1_2 52
8 hz_1_2 53
8 hz_1_2 55
8 x_1_2 56
8 y_1_2 57
8 x_1_2 58
8 x_1_2 59
8 hz_1_2 61
8 x_1_2 62
8 x_1_2 63
8 hz_1_2 64
9 fsimplus(1.600311040878296, -0.12419997155666351, -1.4836472272872925, -0.09175607562065125, -59.20735622564005) 3 10
9 fsimplus(1.6215472221374512, -0.1396775096654892, 1.4284284114837646, 1.3345654010772705, -275.7391592327898) 4 11
9 fsimplus(1.6060925722122192, -0.12337405979633331, -1.401180624961853, 0.75766521692276, 157.90620009857022) 8 14
9 fsimplus(1.5806424617767334, -0.15211080014705658, 0.8753284811973572, -2.5258655548095703, 130.52010845279693) 9 15
9 fsimplus(1.5282790660858154, -0.14381331205368042, -0.3881719708442688, -3.0333142280578613, 52.11853651917612) 12 19
9 fsimplus(1.5015573501586914, -0.14111976325511932, 1.4534162282943726, -1.4750994443893433, -29.898618417788455) 13 20
9 fsimplus(1.6167263984680176, -0.15693305432796478, -0.8310115933418274, 0.9915308356285095, 40.9146186214048) 16 23
9 fsimplus(1.6095796823501587, -0.13978342711925507, -1.2597733736038208, -0.40658050775527954, -49.29694538302717) 21 27
9 fsimplus(1.5381345748901367, -0.14592130482196808, -0.0989154726266861, -1.0227842330932617, -230.5569276002925) 22 28
9 fsimplus(1.5994360446929932, -0.1361493021249771, 1.2483417987823486, -2.0495402812957764, -65.87572893582416) 25 32
9 fsimplus(1.5448917150497437, -0.1323370337486267, -0.8607275485992432, -2.234393835067749, 107.21149939190842) 26 33
9 fsimplus(1.5413964986801147, -0.11502473056316376, 1.1784230470657349, 2.2765347957611084, 78.34759486623875) 34 40
9 fsimplus(1.6120455265045166, -0.13017092645168304, -0.7868511080741882, 1.891609787940979, -214.55544145603136) 35 41
9 fsimplus(1.5358302593231201, -0.1438470333814621, -0.4022025465965271, -1.6827073097229004, 157.09492310510805) 36 43
9 fsimplus(1.6129465103149414, -0.15393845736980438, 0.488312304019928, -0.7346457839012146, 200.14212762619195) 37 44
9 fsimplus(1.6236952543258667, -0.1468815952539444, -1.5521750450134277, -2.015568733215332, -141.22830607502488) 38 45
9 fsimplus(1.6191695928573608, -0.1272864192724228, -0.39417481422424316, 1.1543866395950317, 155.1817995622165) 39 46
9 fsimplus(1.5916013717651367, -0.1265886425971985, 0.7200601696968079, 1.1882858276367188, 75.13595621132146) 47 53
9 fsimplus(1.5241869688034058, -0.20875729620456696, 0.2938883602619171, 0.6789677143096924, -192.24863135484293) 48 55
9 fsimplus(1.5359559059143066, -0.1340981274843216, -0.28427284955978394, -1.7961530685424805, 35.59761223950417) 49 56
9 fsimplus(1.5397664308547974, -0.13798993825912476, 0.9442697167396545, 2.271878480911255, -96.90951267857203) 50 57
9 fsimplus(1.6030642986297607, -0.1470065861940384, 1.1379460096359253, -1.6871254444122314, -64.1689962156216) 51 58
9 fsimplus(1.6085096597671509, -0.14888769388198853, -0.10912202298641205, 1.500234842300415, 148.93935345368166) 52 59
10 hz_1_2 1
10 x_1_2 2
10 x_1_2 3
10 y_1_2 4
10 hz_1_2 7
10 y_1_2 8
10 y_1_2 9
10 x_1_2 10
10 y_1_2 11
10 x_1_2 12
10 hz_1_2 13
10 x_1_2 14
10 x_1_2 15
10 hz_1_2 16
10 y_1_2 17
10 hz_1_2 19
10 x_1_2 20
10 y_1_2 21
10 hz_1_2 22
10 y_1_2 23
10 x_1_2 25
10 y_1_2 26
10 y_1_2 27
10 y_1_2 28
10 hz_1_2 29
10 hz_1_2 31
10 hz_1_2 32
10 hz_1_2 33
10 hz_1_2 34
10 x_1_2 35
10 hz_1_2 36
10 y_1_2 37
10 y_1_2 38
10 x_1_2 39
10 x_1_2 40
10 hz_1_2 41
10 y_1_2 43
10 hz_1_2 44
10 x_1_2 45
10 y_1_2 46
10 y_1_2 47
10 y_1_2 48
10 hz_1_2 49
10 x_1_2 50
10 hz_1_2 51
10 x_1_2 52
10 x_1_2 53
10 y_1_2 55
10 y_1_2 56
10 x_1_2 57
10 y_1_2 58
10 hz_1_2 59
10 y_1_2 61
10 hz_1_2 62
10 hz_1_2 63
10 x_1_2 64
11 fsimplus(1.508231520652771, -0.14411550760269165, -0.8398980498313904, 1.2348335981369019, 40.37370736449341) 1 8
11 fsimplus(1.536507487297058, -0.14455725252628326, 0.19119000434875488, -1.6278109550476074, -249.60114552025433) 2 9
11 fsimplus(1.553171157836914, -0.15091893076896667, 0.6291438341140747, -0.8855160474777222, -55.31562925542073) 7 13
11 fsimplus(1.5447182655334473, -0.14592647552490234, 1.460141658782959, -0.13674509525299072, -213.5356150914313) 10 16
11 fsimplus(1.5283665657043457, -0.11888892948627472, -0.7553731799125671, -0.8286629319190979, 166.57040089899743) 11 17
11 fsimplus(1.51483154296875, -0.1400664746761322, 0.23159462213516235, 2.1888720989227295, -181.65926671886606) 14 21
11 fsimplus(1.532601237297058, -0.13746438920497894, 0.7502246499061584, 0.5731300711631775, -94.21496801716286) 15 22
11 fsimplus(1.5090237855911255, -0.1623980849981308, -1.510617971420288, 1.8405476808547974, -36.199482925499) 19 25
11 fsimplus(1.5275741815567017, -0.125349223613739, 0.6603471040725708, 0.4353642761707306, -383.4895140879311) 20 26
11 fsimplus(1.5331789255142212, -0.14154872298240662, 1.3883168697357178, 0.6221066117286682, 222.1408061812142) 23 29
11 fsimplus(1.534623384475708, -0.12846553325653076, -0.7768941521644592, 1.641015648841858, -276.32176829495853) 27 34
11 fsimplus(1.6025071144104004, -0.14094053208827972, -0.09164398163557053, 1.941541075706482, 181.7830885115344) 28 35
11 fsimplus(1.6001439094543457, -0.15485748648643494, -0.1333259642124176, -0.19928979873657227, -220.8513286048882) 31 37
11 fsimplus(1.5230696201324463, -0.13302358984947205, -0.2830870449542999, -2.398369312286377, 122.78465671595953) 32 38
11 fsimplus(1.597196102142334, -0.14054419100284576, -1.0669587850570679, -0.07799580693244934, -224.796992551354) 33 39
11 fsimplus(1.5530760288238525, -0.11834309995174408, -0.9747694134712219, -3.494321584701538, -280.47247213517994) 40 47
11 fsimplus(1.5406194925308228, -0.13480401039123535, -0.5722049474716187, -0.3444143533706665, -221.06712360405106) 43 49
11 fsimplus(1.5847784280776978, -0.16219915449619293, 0.6903707385063171, -1.7470723390579224, -91.82451146664658) 44 50
11 fsimplus(1.5336220264434814, -0.14085620641708374, -0.5170878767967224, -1.5452650785446167, 122.25749241869084) 45 51
11 fsimplus(1.6115257740020752, -0.11984996497631073, -0.9303760528564453, -0.40642449259757996, -128.27367695433213) 46 52
11 fsimplus(1.5518465042114258, -0.13150422275066376, -0.7843353748321533, -2.552105188369751, 348.8019075665992) 55 61
11 fsimplus(1.5914655923843384, -0.11815202236175537, 0.0834135040640831, -1.0118848085403442, 113.81300623744102) 56 62
11 fsimplus(1.608649492263794, -0.11975647509098053, 0.0055139572359621525, 1.766855001449585, 108.57208306633238) 57 63
11 fsimplus(1.5386476516723633, -0.12157969921827316, -0.8024630546569824, -1.6492602825164795, 128.55709428896935) 58 64
12 x_1_2 1
12 y_1_2 2
12 y_1_2 3
12 x_1_2 4
12 y_1_2 7
12 x_1_2 8
12 hz_1_2 9
12 y_1_2 10
12 hz_1_2 11
12 y_1_2 12
12 x_1_2 13
12 y_1_2 14
12 y_1_2 15
12 y_1_2 16
12 hz_1_2 17
12 y_1_2 19
12 y_1_2 20
12 x_1_2 21
12 y_1_2 22
12 x_1_2 23
12 hz_1_2 25
12 hz_1_2 26
12 hz_1_2 27
12 x_1_2 28
12 y_1_2 29
12 x_1_2 31
12 y_1_2 32
12 y_1_2 33
12 x_1_2 34
12 hz_1_2 35
12 y_1_2 36
12 hz_1_2 37
12 x_1_2 38
12 hz_1_2 39
12 y_1_2 40
12 x_1_2 41
12 hz_1_2 43
12 y_1_2 44
12 hz_1_2 45
12 hz_1_2 46
12 hz_1_2 47
12 hz_1_2 48
12 y_1_2 49
12 y_1_2 50
12 x_1_2 51
12 y_1_2 52
12 hz_1_2 53
12 hz_1_2 55
12 hz_1_2 56
12 y_1_2 57
12 hz_1_2 58
12 x_1_2 59
12 x_1_2 61
12 x_1_2 62
12 x_1_2 63
12 hz_1_2 64
13 fsimplus(1.5979554653167725, -0.10773517191410065, 1.4501397609710693, 3.719292402267456, -207.3282045403702) 3 9
13 fsimplus(1.6206047534942627, -0.1272132694721222, -0.9637511372566223, -0.9392303228378296, -239.0864810116533) 4 10
13 fsimplus(1.5413240194320679, -0.1283116191625595, 0.8466215133666992, 0.6190890073776245, -213.54683563002982) 7 12
13 fsimplus(1.6063297986984253, -0.11263466626405716, 0.40882909297943115, 0.8336535692214966, 169.1910026656169) 8 13
13 fsimplus(1.5983155965805054, -0.158058762550354, -0.4594337046146393, 0.4942000210285187, -102.41191803221592) 14 20
13 fsimplus(1.59918212890625, -0.12558265030384064, -0.4692456126213074, -1.0348939895629883, -144.8801225995835) 15 21
13 fsimplus(1.5381124019622803, -0.129357248544693, -0.18845537304878235, -1.3278207778930664, 218.69004881849762) 16 22
13 fsimplus(1.5323961973190308, -0.14528799057006836, 1.5222502946853638, -0.08053646981716156, -174.60686846316491) 23 28
13 fsimplus(1.6076531410217285, -0.14802110195159912, -0.053584180772304535, -1.5703483819961548, -127.73247602178557) 25 31
13 fsimplus(1.5436575412750244, -0.15254975855350494, 0.6418281197547913, -0.5436755418777466, 281.4481318118873) 26 32
13 fsimplus(1.598997950553894, -0.13433457911014557, 1.3404016494750977, 0.9307005405426025, -112.52047786144422) 27 33
13 fsimplus(1.5955685377120972, -0.13304831087589264, -0.44950228929519653, -2.0927577018737793, -55.539878049689065) 34 39
13 fsimplus(1.5310243368148804, -0.15074193477630615, 0.36913245916366577, 0.9948738217353821, -201.98320453919106) 35 40
13 fsimplus(1.5274745225906372, -0.1400471180677414, 1.2695279121398926, 0.0011498271487653255, 353.9613145325173) 37 43
13 fsimplus(1.531766653060913, -0.15104913711547852, 1.444717288017273, -0.46212872862815857, -161.20674749065992) 38 44
13 fsimplus(1.5244033336639404, -0.12593550980091095, -0.7218642830848694, 2.821868658065796, -61.773561177862035) 45 50
13 fsimplus(1.605748176574707, -0.1509491205215454, -1.514675259590149, -0.2703818082809448, 255.3981889248946) 46 51
13 fsimplus(1.531211256980896, -0.12840406596660614, -0.6747065782546997, -1.5842417478561401, 233.76525842415984) 47 52
13 fsimplus(1.5358898639678955, -0.13996633887290955, 0.7505143284797668, 0.7865577936172485, -105.81260716090156) 49 55
13 fsimplus(1.6150641441345215, -0.1307845413684845, 0.2545004189014435, 2.9044272899627686, 263.4379705152303) 56 61
13 fsimplus(1.5325641632080078, -0.12452762573957443, -0.5045234560966492, -1.5445146560668945, 228.13011814418905) 57 62
13 fsimplus(1.5275187492370605, -0.1414560079574585, 0.0701705813407898, 1.5085934400558472, -122.67404642053341) 58 63
13 fsimplus(1.6067646741867065, -0.12805402278900146, -1.052878737449646, 0.5938245058059692, 243.716050788064) 59 64
14 y_1_2 1
14 x_1_2 2
14 hz_1_2 3
14 hz_1_2 4
14 hz_1_2 7
14 hz_1_2 8
14 y_1_2 9
14 hz_1_2 10
14 y_1_2 11
14 hz_1_2 12
14 y_1_2 13
14 x_1_2 14
14 x_1_2 15
14 x_1_2 16
14 y_1_2 17
14 x_1_2 19
14 hz_1_2 20
14 hz_1_2 21
14 x_1_2 22
14 hz_1_2 23
14 y_1_2 25
14 x_1_2 26
14 y_1_2 27
14 hz_1_2 28
14 hz_1_2 29
14 hz_1_2 31
14 hz_1_2 32
14 x_1_2 33
14 hz_1_2 34
14 y_1_2 35
14 hz_1_2 36
14 y_1_2 37
14 y_1_2 38
14 x_1_2 39
14 hz_1_2 40
14 y_1_2 41
14 x_1_2 43
14 hz_1_2 44
14 y_1_2 45
14 x_1_2 46
14 x_1_2 47
14 y_1_2 48
14 x_1_2 49
14 hz_1_2 50
14 y_1_2 51
14 x_1_2 52
14 y_1_2 53
14 y_1_2 55
14 x_1_2 56
14 x_1_2 57
14 y_1_2 58
14 y_1_2 59
14 y_1_2 61
14 hz_1_2 62
14 y_1_2 63
14 y_1_2 64
15 fsimplus(1.5446350574493408, -0.13468104600906372, -0.6687090992927551, -0.795185387134552, 327.0080506392434) 1 7
15 fsimplus(1.5307981967926025, -0.13552452623844147, 1.5385503768920898, -0.1771245002746582, -304.74365829513476) 2 8
15 fsimplus(1.617964506149292, -0.12122070789337158, 0.6821352243423462, -0.6313515901565552, 305.2937591783002) 9 14
15 fsimplus(1.632840633392334, -0.1428118646144867, 0.6131274700164795, 0.17972370982170105, 79.26694732516185) 10 15
15 fsimplus(1.5432918071746826, -0.11193565279245377, 0.8540021777153015, -0.0955786183476448, -112.90810725651025) 11 16
15 fsimplus(1.5604987144470215, -0.1448139250278473, -0.7449406385421753, 0.565971314907074, -84.98494385144217) 13 19
15 fsimplus(1.5242356061935425, -0.14853712916374207, -0.8374187350273132, 2.2156941890716553, -270.74568809435783) 17 23
15 fsimplus(1.5479425191879272, -0.09543639421463013, 0.38279932737350464, -0.35853591561317444, -95.57293232059729) 20 25
15 fsimplus(1.6059616804122925, -0.1287727802991867, -1.3430296182632446, -0.7409613132476807, -398.55782169808776) 21 26
15 fsimplus(1.5293766260147095, -0.14510102570056915, 0.6160158514976501, 0.7413054704666138, -127.2086044090122) 22 27
15 fsimplus(1.5485318899154663, -0.134323388338089, 0.973257303237915, 0.460052490234375, -121.0705996186748) 28 34
15 fsimplus(1.6048939228057861, -0.13388706743717194, -0.29760903120040894, -1.6896480321884155, -260.0223141556899) 29 35
15 fsimplus(1.5176513195037842, -0.13378562033176422, -0.5584571361541748, 1.9715285301208496, -160.48561215491193) 31 36
15 fsimplus(1.5248841047286987, -0.11243146657943726, 1.43203866481781, 1.06298828125, -345.4561442412024) 32 37
15 fsimplus(1.6163146495819092, -0.1473688781261444, 1.085403323173523, 2.295940637588501, 321.62092920106625) 33 38
15 fsimplus(1.6081222295761108, -0.11798654496669769, -1.2561837434768677, 1.0439376831054688, 392.48912835103266) 39 45
15 fsimplus(1.5173612833023071, -0.13742820918560028, -0.46315112709999084, -2.284120559692383, 61.42982126762323) 40 46
15 fsimplus(1.6117135286331177, -0.12957586348056793, 0.2832072675228119, 1.8054405450820923, -258.3510809602819) 41 47
15 fsimplus(1.5955312252044678, -0.1527898609638214, 0.8986088633537292, 0.08721911907196045, -111.20332772134648) 43 48
15 fsimplus(1.5399425029754639, -0.155563086271286, 0.28087669610977173, 0.691842257976532, -231.0162317151351) 44 49
15 fsimplus(1.630867600440979, -0.1396857649087906, -0.01795892044901848, 1.9695262908935547, -54.90126518367204) 50 56
15 fsimplus(1.6132863759994507, -0.13656151294708252, -1.5900704860687256, 0.08506719768047333, -398.6403674280317) 51 57
15 fsimplus(1.5439438819885254, -0.13192331790924072, -0.459609717130661, -1.8153867721557617, 364.2452387186788) 52 58
15 fsimplus(1.6094332933425903, -0.12019175291061401, 0.2479204535484314, 0.6788816452026367, 395.34840131555796) 53 59
16 x_1_2 1
16 y_1_2 2
16 x_1_2 3
16 x_1_2 4
16 y_1_2 7
16 x_1_2 8
16 x_1_2 9
16 x_1_2 10
16 hz_1_2 11
16 y_1_2 12
16 hz_1_2 13
16 hz_1_2 14
16 hz_1_2 15
16 y_1_2 16
16 x_1_2 17
16 y_1_2 19
16 y_1_2 20
16 y_1_2 21
16 hz_1_2 22
16 x_1_2 23
16 x_1_2 25
16 hz_1_2 26
16 x_1_2 27
16 y_1_2 28
16 x_1_2 29
16 x_1_2 31
16 y_1_2 32
16 y_1_2 33
16 x_1_2 34
16 x_1_2 35
16 y_1_2 36
16 hz_1_2 37
16 x_1_2 38
16 y_1_2 39
16 y_1_2 40
16 hz_1_2 41
16 hz_1_2 43
16 y_1_2 44
16 hz_1_2 45
16 hz_1_2 46
16 hz_1_2 47
16 x_1_2 48
16 hz_1_2 49
16 x_1_2 50
16 x_1_2 51
16 hz_1_2 52
16 hz_1_2 53
16 x_1_2 55
16 y_1_2 56
16 y_1_2 57
16 hz_1_2 58
16 hz_1_2 59
16 x_1_2 61
16 x_1_2 62
16 x_1_2 63
16 x_1_2 64
17 fsimplus(1.5979554653167725, -0.10773517191410065, 1.4501397609710693, 3.719292402267456, -272.22157614012383) 3 9
17 fsimplus(1.6206047534942627, -0.1272132694721222, -0.9637511372566223, -0.9392303228378296, -313.1875174663644) 4 10
17 fsimplus(1.5413240194320679, -0.1283116191625595, 0.8466215133666992, 0.6190890073776245, -280.80199325224436) 7 12
17 fsimplus(1.6063297986984253, -0.11263466626405716, 0.40882909297943115, 0.8336535692214966, 221.47999168680545) 8 13
17 fsimplus(1.5983155965805054, -0.158058762550354, -0.4594337046146393, 0.4942000210285187, -133.92855890150875) 14 20
17 fsimplus(1.59918212890625, -0.12558265030384064, -0.4692456126213074, -1.0348939895629883, -189.64990372969814) 15 21
17 fsimplus(1.5381124019622803, -0.129357248544693, -0.18845537304878235, -1.3278207778930664, 285.9807799258331) 16 22
17 fsimplus(1.5323961973190308, -0.14528799057006836, 1.5222502946853638, -0.08053646981716156, -228.6272226725581) 23 28
17 fsimplus(1.6076531410217285, -0.14802110195159912, -0.053584180772304535, -1.5703483819961548, -167.84433102282006) 25 31
17 fsimplus(1.5436575412750244, -0.15254975855350494, 0.6418281197547913, -0.5436755418777466, 369.5511853997595) 26 32
17 fsimplus(1.598997950553894, -0.13433457911014557, 1.3404016494750977, 0.9307005405426025, -147.4785783634658) 27 33
17 fsimplus(1.5955685377120972, -0.13304831087589264, -0.44950228929519653, -2.0927577018737793, -72.06981304819539) 34 39
17 fsimplus(1.5310243368148804, -0.15074193477630615, 0.36913245916366577, 0.9948738217353821, -264.1333836780739) 35 40
17 fsimplus(1.5274745225906372, -0.1400471180677414, 1.2695279121398926, 0.0011498271487653255, 463.1106687814123) 37 43
17 fsimplus(1.531766653060913, -0.15104913711547852, 1.444717288017273, -0.46212872862815857, -210.38544035400824) 38 44
17 fsimplus(1.5244033336639404, -0.12593550980091095, -0.7218642830848694, 2.821868658065796, -80.7096573709904) 45 50
17 fsimplus(1.605748176574707, -0.1509491205215454, -1.514675259590149, -0.2703818082809448, 334.82204561718294) 46 51
17 fsimplus(1.531211256980896, -0.12840406596660614, -0.6747065782546997, -1.5842417478561401, 305.93285762570105) 47 52
17 fsimplus(1.5358898639678955, -0.13996633887290955, 0.7505143284797668, 0.7865577936172485, -138.8075647159925) 49 55
17 fsimplus(1.6150641441345215, -0.1307845413684845, 0.2545004189014435, 2.9044272899627686, 344.37791780019774) 56 61
17 fsimplus(1.5325641632080078, -0.12452762573957443, -0.5045234560966492, -1.5445146560668945, 299.80518960843756) 57 62
17 fsimplus(1.5275187492370605, -0.1414560079574585, 0.0701705813407898, 1.5085934400558472, -161.0141951677622) 58 63
17 fsimplus(1.6067646741867065, -0.12805402278900146, -1.052878737449646, 0.5938245058059692, 319.6085972924213) 59 64
18 y_1_2 1
18 hz_1_2 2
18 hz_1_2 3
18 hz_1_2 4
18 hz_1_2 7
18 hz_1_2 8
18 y_1_2 9
18 hz_1_2 10
18 x_1_2 11
18 hz_1_2 12
18 x_1_2 13
18 x_1_2 14
18 x_1_2 15
18 hz_1_2 16
18 hz_1_2 17
18 hz_1_2 19
18 hz_1_2 20
18 hz_1_2 21
18 y_1_2 22
18 y_1_2 23
18 hz_1_2 25
18 y_1_2 26
18 hz_1_2 27
18 hz_1_2 28
18 hz_1_2 29
18 y_1_2 31
18 x_1_2 32
18 x_1_2 33
18 y_1_2 34
18 hz_1_2 35
18 x_1_2 36
18 y_1_2 37
18 hz_1_2 38
18 hz_1_2 39
18 hz_1_2 40
18 x_1_2 41
18 y_1_2 43
18 hz_1_2 44
18 y_1_2 45
18 x_1_2 46
18 y_1_2 47
18 hz_1_2 48
18 y_1_2 49
18 hz_1_2 50
18 y_1_2 51
18 y_1_2 52
18 x_1_2 53
18 hz_1_2 55
18 hz_1_2 56
18 x_1_2 57
18 x_1_2 58
18 x_1_2 59
18 y_1_2 61
18 y_1_2 62
18 hz_1_2 63
18 y_1_2 64
19 fsimplus(1.5446350574493408, -0.13468104600906372, -0.6687090992927551, -0.795185387134552, 414.8807934162296) 1 7
19 fsimplus(1.5307981967926025, -0.13552452623844147, 1.5385503768920898, -0.1771245002746582, -385.9751614633097) 2 8
19 fsimplus(1.617964506149292, -0.12122070789337158, 0.6821352243423462, -0.6313515901565552, 387.66654776602456) 9 14
19 fsimplus(1.632840633392334, -0.1428118646144867, 0.6131274700164795, 0.17972370982170105, 100.75553275995604) 10 15
19 fsimplus(1.5432918071746826, -0.11193565279245377, 0.8540021777153015, -0.0955786183476448, -142.9919068230461) 11 16
19 fsimplus(1.5604987144470215, -0.1448139250278473, -0.7449406385421753, 0.565971314907074, -108.62260787189176) 13 19
19 fsimplus(1.5242356061935425, -0.14853712916374207, -0.8374187350273132, 2.2156941890716553, -344.16349359257117) 17 23
19 fsimplus(1.5479425191879272, -0.09543639421463013, 0.38279932737350464, -0.35853591561317444, -120.64270416988383) 20 25
19 fsimplus(1.6059616804122925, -0.1287727802991867, -1.3430296182632446, -0.7409613132476807, -504.9240091574709) 21 26
19 fsimplus(1.5293766260147095, -0.14510102570056915, 0.6160158514976501, 0.7413054704666138, -161.68994686302145) 22 27
19 fsimplus(1.5485318899154663, -0.134323388338089, 0.973257303237915, 0.460052490234375, -153.3467527321472) 28 34
19 fsimplus(1.6048939228057861, -0.13388706743717194, -0.29760903120040894, -1.6896480321884155, -329.69756897700677) 29 35
19 fsimplus(1.5176513195037842, -0.13378562033176422, -0.5584571361541748, 1.9715285301208496, -203.7840446014686) 31 36
19 fsimplus(1.5248841047286987, -0.11243146657943726, 1.43203866481781, 1.06298828125, -438.5728588093639) 32 37
19 fsimplus(1.6163146495819092, -0.1473688781261444, 1.085403323173523, 2.295940637588501, 407.3299239139966) 33 38
19 fsimplus(1.6081222295761108, -0.11798654496669769, -1.2561837434768677, 1.0439376831054688, 497.6494846859047) 39 45
19 fsimplus(1.5173612833023071, -0.13742820918560028, -0.46315112709999084, -2.284120559692383, 78.10425062837325) 40 46
19 fsimplus(1.6117135286331177, -0.12957586348056793, 0.2832072675228119, 1.8054405450820923, -327.78979044239264) 41 47
19 fsimplus(1.5955312252044678, -0.1527898609638214, 0.8986088633537292, 0.08721911907196045, -140.49900956082197) 43 48
19 fsimplus(1.5399425029754639, -0.155563086271286, 0.28087669610977173, 0.691842257976532, -293.5335145509873) 44 49
19 fsimplus(1.630867600440979, -0.1396857649087906, -0.01795892044901848, 1.9695262908935547, -69.39837721284592) 50 56
19 fsimplus(1.6132863759994507, -0.13656151294708252, -1.5900704860687256, 0.08506719768047333, -506.02021584488097) 51 57
19 fsimplus(1.5439438819885254, -0.13192331790924072, -0.459609717130661, -1.8153867721557617, 462.0209796268004) 52 58
19 fsimplus(1.6094332933425903, -0.12019175291061401, 0.2479204535484314, 0.6788816452026367, 501.65077654389944) 53 59
20 hz_1_2 1
20 y_1_2 2
20 y_1_2 3
20 x_1_2 4
20 x_1_2 7
20 y_1_2 8
20 x_1_2 9
20 y_1_2 10
20 hz_1_2 11
20 y_1_2 12
20 hz_1_2 13
20 hz_1_2 14
20 y_1_2 15
20 y_1_2 16
20 x_1_2 17
20 x_1_2 19
20 y_1_2 20
20 x_1_2 21
20 hz_1_2 22
20 x_1_2 23
20 x_1_2 25
20 x_1_2 26
20 x_1_2 27
20 x_1_2 28
20 y_1_2 29
20 x_1_2 31
20 hz_1_2 32
20 hz_1_2 33
20 hz_1_2 34
20 x_1_2 35
20 y_1_2 36
20 hz_1_2 37
20 x_1_2 38
20 x_1_2 39
20 x_1_2 40
20 y_1_2 41
20 x_1_2 43
20 y_1_2 44
20 x_1_2 45
20 y_1_2 46
20 hz_1_2 47
20 x_1_2 48
20 hz_1_2 49
20 y_1_2 50
20 x_1_2 51
20 x_1_2 52
20 y_1_2 53
20 y_1_2 55
20 y_1_2 56
20 y_1_2 57
20 y_1_2 58
20 y_1_2 59
20 x_1_2 61
20 hz_1_2 62
20 x_1_2 63
20 x_1_2 64
21 fsimplus(1.600311040878296, -0.12419997155666351, -1.4836472272872925, -0.09175607562065125, -137.8493297191882) 3 10
21 fsimplus(1.6215472221374512, -0.1396775096654892, 1.4284284114837646, 1.3345654010772705, -646.3132880548269) 4 11
21 fsimplus(1.6060925722122192, -0.12337405979633331, -1.401180624961853, 0.75766521692276, 370.64297586085667) 8 14
21 fsimplus(1.5806424617767334, -0.15211080014705658, 0.8753284811973572, -2.5258655548095703, 311.0240060628921) 9 15
21 fsimplus(1.5282790660858154, -0.14381331205368042, -0.3881719708442688, -3.0333142280578613, 118.50636123096827) 12 19
21 fsimplus(1.5015573501586914, -0.14111976325511932, 1.4534162282943726, -1.4750994443893433, -68.57873232694601) 13 20
21 fsimplus(1.6167263984680176, -0.15693305432796478, -0.8310115933418274, 0.9915308356285095, 95.53348754953342) 16 23
21 fsimplus(1.6095796823501587, -0.13978342711925507, -1.2597733736038208, -0.40658050775527954, -119.54761049459893) 21 27
21 fsimplus(1.5381345748901367, -0.14592130482196808, -0.0989154726266861, -1.0227842330932617, -539.8713146223497) 22 28
21 fsimplus(1.5994360446929932, -0.1361493021249771, 1.2483417987823486, -2.0495402812957764, -151.8297039380409) 25 32
21 fsimplus(1.5448917150497437, -0.1323370337486267, -0.8607275485992432, -2.234393835067749, 251.1850951524215) 26 33
21 fsimplus(1.5413964986801147, -0.11502473056316376, 1.1784230470657349, 2.2765347957611084, 187.469810580093) 34 40
21 fsimplus(1.6120455265045166, -0.13017092645168304, -0.7868511080741882, 1.891609787940979, -503.14295570923406) 35 41
21 fsimplus(1.5358302593231201, -0.1438470333814621, -0.4022025465965271, -1.6827073097229004, 369.46972948786515) 36 43
21 fsimplus(1.6129465103149414, -0.15393845736980438, 0.488312304019928, -0.7346457839012146, 468.7476118763193) 37 44
21 fsimplus(1.6236952543258667, -0.1468815952539444, -1.5521750450134277, -2.015568733215332, -330.28854369910067) 38 45
21 fsimplus(1.6191695928573608, -0.1272864192724228, -0.39417481422424316, 1.1543866395950317, 363.91710835383975) 39 46
21 fsimplus(1.5916013717651367, -0.1265886425971985, 0.7200601696968079, 1.1882858276367188, 176.9725754776278) 47 53
21 fsimplus(1.5241869688034058, -0.20875729620456696, 0.2938883602619171, 0.6789677143096924, -449.7408855058036) 48 55
21 fsimplus(1.5359559059143066, -0.1340981274843216, -0.28427284955978394, -1.7961530685424805, 81.32567704612349) 49 56
21 fsimplus(1.5397664308547974, -0.13798993825912476, 0.9442697167396545, 2.271878480911255, -230.71495948586283) 50 57
21 fsimplus(1.6030642986297607, -0.1470065861940384, 1.1379460096359253, -1.6871254444122314, -153.0869393286348) 51 58
21 fsimplus(1.6085096597671509, -0.14888769388198853, -0.10912202298641205, 1.500234842300415, 353.18030080038903) 52 59
22 y_1_2 1
22 hz_1_2 2
22 hz_1_2 3
22 y_1_2 4
22 hz_1_2 7
22 x_1_2 8
22 y_1_2 9
22 hz_1_2 10
22 x_1_2 11
22 x_1_2 12
22 y_1_2 13
22 y_1_2 14
22 x_1_2 15
22 hz_1_2 16
22 y_1_2 17
22 y_1_2 19
22 x_1_2 20
22 hz_1_2 21
22 y_1_2 22
22 y_1_2 23
22 hz_1_2 25
22 y_1_2 26
22 y_1_2 27
22 y_1_2 28
22 x_1_2 29
22 hz_1_2 31
22 y_1_2 32
22 y_1_2 33
22 y_1_2 34
22 hz_1_2 35
22 x_1_2 36
22 y_1_2 37
22 y_1_2 38
22 hz_1_2 39
22 hz_1_2 40
22 x_1_2 41
22 hz_1_2 43
22 x_1_2 44
22 hz_1_2 45
22 x_1_2 46
22 x_1_2 47
22 hz_1_2 48
22 y_1_2 49
22 x_1_2 50
22 y_1_2 51
22 y_1_2 52
22 hz_1_2 53
22 x_1_2 55
22 hz_1_2 56
22 x_1_2 57
22 hz_1_2 58
22 x_1_2 59
22 y_1_2 61
22 y_1_2 62
22 hz_1_2 63
22 y_1_2 64
23 fsimplus(1.508231520652771, -0.14411550760269165, -0.8398980498313904, 1.2348335981369019, 82.66031253838396) 1 8
23 fsimplus(1.536507487297058, -0.14455725252628326, 0.19119000434875488, -1.6278109550476074, -527.6772450256658) 2 9
23 fsimplus(1.553171157836914, -0.15091893076896667, 0.6291438341140747, -0.8855160474777222, -119.78028534892326) 7 13
23 fsimplus(1.5447182655334473, -0.14592647552490234, 1.460141658782959, -0.13674509525299072, -452.05803324894276) 10 16
23 fsimplus(1.5283665657043457, -0.11888892948627472, -0.7553731799125671, -0.8286629319190979, 351.1912876221587) 11 17
23 fsimplus(1.51483154296875, -0.1400664746761322, 0.23159462213516235, 2.1888720989227295, -382.58307826228776) 14 21
23 fsimplus(1.532601237297058, -0.13746438920497894, 0.7502246499061584, 0.5731300711631775, -195.3309491570506) 15 22
23 fsimplus(1.5090237855911255, -0.1623980849981308, -1.510617971420288, 1.8405476808547974, -79.17592032116734) 19 25
23 fsimplus(1.5275741815567017, -0.125349223613739, 0.6603471040725708, 0.4353642761707306, -808.961965401624) 20 26
23 fsimplus(1.5331789255142212, -0.14154872298240662, 1.3883168697357178, 0.6221066117286682, 467.84980180707095) 23 29
23 fsimplus(1.534623384475708, -0.12846553325653076, -0.7768941521644592, 1.641015648841858, -579.020587295405) 27 34
23 fsimplus(1.6025071144104004, -0.14094053208827972, -0.09164398163557053, 1.941541075706482, 380.5273823016199) 28 35
23 fsimplus(1.6001439094543457, -0.15485748648643494, -0.1333259642124176, -0.19928979873657227, -465.81988230848583) 31 37
23 fsimplus(1.5230696201324463, -0.13302358984947205, -0.2830870449542999, -2.398369312286377, 259.5760758516473) 32 38
23 fsimplus(1.597196102142334, -0.14054419100284576, -1.0669587850570679, -0.07799580693244934, -472.21131504125475) 33 39
23 fsimplus(1.5530760288238525, -0.11834309995174408, -0.9747694134712219, -3.494321584701538, -590.9255774180664) 40 47
23 fsimplus(1.5406194925308228, -0.13480401039123535, -0.5722049474716187, -0.3444143533706665, -467.4615506081655) 43 49
23 fsimplus(1.5847784280776978, -0.16219915449619293, 0.6903707385063171, -1.7470723390579224, -190.15695908006253) 44 50
23 fsimplus(1.5336220264434814, -0.14085620641708374, -0.5170878767967224, -1.5452650785446167, 253.78330228256283) 45 51
23 fsimplus(1.6115257740020752, -0.11984996497631073, -0.9303760528564453, -0.40642449259757996, -272.2472727148451) 46 52
23 fsimplus(1.5518465042114258, -0.13150422275066376, -0.7843353748321533, -2.552105188369751, 736.3346868933935) 55 61
23 fsimplus(1.5914655923843384, -0.11815202236175537, 0.0834135040640831, -1.0118848085403442, 238.52410991041728) 56 62
23 fsimplus(1.608649492263794, -0.11975647509098053, 0.0055139572359621525, 1.766855001449585, 226.77323896218073) 57 63
23 fsimplus(1.5386476516723633, -0.12157969921827316, -0.8024630546569824, -1.6492602825164795, 267.14845842438353) 58 64
24 x_1_2 1
24 y_1_2 2
24 x_1_2 3
24 hz_1_2 4
24 y_1_2 7
24 hz_1_2 8
24 hz_1_2 9
24 y_1_2 10
24 y_1_2 11
24 hz_1_2 12
24 hz_1_2 13
24 x_1_2 14
24 y_1_2 15
24 y_1_2 16
24 hz_1_2 17
24 hz_1_2 19
24 y_1_2 20
24 y_1_2 21
24 hz_1_2 22
24 hz_1_2 23
24 y_1_2 25
24 x_1_2 26
24 x_1_2 27
24 hz_1_2 28
24 y_1_2 29
24 x_1_2 31
24 x_1_2 32
24 x_1_2 33
24 hz_1_2 34
24 y_1_2 35
24 y_1_2 36
24 hz_1_2 37
24 x_1_2 38
24 y_1_2 39
24 y_1_2 40
24 y_1_2 41
24 x_1_2 43
24 y_1_2 44
24 x_1_2 45
24 y_1_2 46
24 hz_1_2 47
24 x_1_2 48
24 hz_1_2 49
24 hz_1_2 50
24 hz_1_2 51
24 x_1_2 52
24 x_1_2 53
24 hz_1_2 55
24 x_1_2 56
24 hz_1_2 57
24 x_1_2 58
24 y_1_2 59
24 x_1_2 61
24 hz_1_2 62
24 x_1_2 63
24 hz_1_2 64
25 fsimplus(1.600311040878296, -0.12419997155666351, -1.4836472272872925, -0.09175607562065125, -164.06332088370422) 3 10
25 fsimplus(1.6215472221374512, -0.1396775096654892, 1.4284284114837646, 1.3345654010772705, -769.8379976621724) 4 11
25 fsimplus(1.6060925722122192, -0.12337405979633331, -1.401180624961853, 0.75766521692276, 441.55523444828543) 8 14
25 fsimplus(1.5806424617767334, -0.15211080014705658, 0.8753284811973572, -2.5258655548095703, 371.19197193292376) 9 15
25 fsimplus(1.5282790660858154, -0.14381331205368042, -0.3881719708442688, -3.0333142280578613, 140.63563613489896) 12 19
25 fsimplus(1.5015573501586914, -0.14111976325511932, 1.4534162282943726, -1.4750994443893433, -81.47210362999851) 13 20
25 fsimplus(1.6167263984680176, -0.15693305432796478, -0.8310115933418274, 0.9915308356285095, 113.73977719224294) 16 23
25 fsimplus(1.6095796823501587, -0.13978342711925507, -1.2597733736038208, -0.40658050775527954, -142.9644988651228) 21 27
25 fsimplus(1.5381345748901367, -0.14592130482196808, -0.0989154726266861, -1.0227842330932617, -642.9761102963686) 22 28
25 fsimplus(1.5994360446929932, -0.1361493021249771, 1.2483417987823486, -2.0495402812957764, -180.4810289387798) 25 32
25 fsimplus(1.5448917150497437, -0.1323370337486267, -0.8607275485992432, -2.234393835067749, 299.1762937392591) 26 33
25 fsimplus(1.5413964986801147, -0.11502473056316376, 1.1784230470657349, 2.2765347957611084, 223.84388248471103) 34 40
25 fsimplus(1.6120455265045166, -0.13017092645168304, -0.7868511080741882, 1.891609787940979, -599.3387937936347) 35 41
25 fsimplus(1.5358302593231201, -0.1438470333814621, -0.4022025465965271, -1.6827073097229004, 440.26133161545084) 36 43
25 fsimplus(1.6129465103149414, -0.15393845736980438, 0.488312304019928, -0.7346457839012146, 558.2827732930283) 37 44
25 fsimplus(1.6236952543258667, -0.1468815952539444, -1.5521750450134277, -2.015568733215332, -393.30862290712594) 38 45
25 fsimplus(1.6191695928573608, -0.1272864192724228, -0.39417481422424316, 1.1543866395950317, 433.4955446177141) 39 46
25 fsimplus(1.5916013717651367, -0.1265886425971985, 0.7200601696968079, 1.1882858276367188, 210.91811523306325) 47 53
25 fsimplus(1.5241869688034058, -0.20875729620456696, 0.2938883602619171, 0.6789677143096924, -535.5716368894571) 48 55
25 fsimplus(1.5359559059143066, -0.1340981274843216, -0.28427284955978394, -1.7961530685424805, 96.56836531499658) 49 56
25 fsimplus(1.5397664308547974, -0.13798993825912476, 0.9442697167396545, 2.271878480911255, -275.31677508829307) 50 57
25 fsimplus(1.6030642986297607, -0.1470065861940384, 1.1379460096359253, -1.6871254444122314, -182.72625369963913) 51 58
25 fsimplus(1.6085096597671509, -0.14888769388198853, -0.10912202298641205, 1.500234842300415, 421.26061658262466) 52 59
26 hz_1_2 1
26 hz_1_2 2
26 y_1_2 3
26 y_1_2 4
26 x_1_2 7
26 x_1_2 8
26 y_1_2 9
26 hz_1_2 10
26 x_1_2 11
26 x_1_2 12
26 y_1_2 13
26 y_1_2 14
26 hz_1_2 15
26 x_1_2 16
26 y_1_2 17
26 x_1_2 19
26 x_1_2 20
26 hz_1_2 21
26 x_1_2 22
26 y_1_2 23
26 x_1_2 25
26 y_1_2 26
26 hz_1_2 27
26 y_1_2 28
26 hz_1_2 29
26 y_1_2 31
26 hz_1_2 32
26 y_1_2 33
26 x_1_2 34
26 x_1_2 35
26 x_1_2 36
26 x_1_2 37
26 y_1_2 38
26 hz_1_2 39
26 hz_1_2 40
26 x_1_2 41
26 y_1_2 43
26 hz_1_2 44
26 y_1_2 45
26 x_1_2 46
26 x_1_2 47
26 hz_1_2 48
26 x_1_2 49
26 x_1_2 50
26 y_1_2 51
26 hz_1_2 52
26 hz_1_2 53
26 y_1_2 55
26 y_1_2 56
26 x_1_2 57
26 y_1_2 58
26 x_1_2 59
26 hz_1_2 61
26 x_1_2 62
26 y_1_2 63
26 y_1_2 64
27 fsimplus(1.508231520652771, -0.14411550760269165, -0.8398980498313904, 1.2348335981369019, 96.75584759634748) 1 8
27 fsimplus(1.536507487297058, -0.14455725252628326, 0.19119000434875488, -1.6278109550476074, -620.3692781941362) 2 9
27 fsimplus(1.553171157836914, -0.15091893076896667, 0.6291438341140747, -0.8855160474777222, -141.2685040467574) 7 13
27 fsimplus(1.5447182655334473, -0.14592647552490234, 1.460141658782959, -0.13674509525299072, -531.5655059681131) 10 16
27 fsimplus(1.5283665657043457, -0.11888892948627472, -0.7553731799125671, -0.8286629319190979, 412.7315831965458) 11 17
27 fsimplus(1.51483154296875, -0.1400664746761322, 0.23159462213516235, 2.1888720989227295, -449.557682110095) 14 21
27 fsimplus(1.532601237297058, -0.13746438920497894, 0.7502246499061584, 0.5731300711631775, -229.03627620367985) 15 22
27 fsimplus(1.5090237855911255, -0.1623980849981308, -1.510617971420288, 1.8405476808547974, -93.50139945305678) 19 25
27 fsimplus(1.5275741815567017, -0.125349223613739, 0.6603471040725708, 0.4353642761707306, -950.7861158395214) 20 26
27 fsimplus(1.5331789255142212, -0.14154872298240662, 1.3883168697357178, 0.6221066117286682, 549.7528003490231) 23 29
27 fsimplus(1.534623384475708, -0.12846553325653076, -0.7768941521644592, 1.641015648841858, -679.9201936288871) 27 34
27 fsimplus(1.6025071144104004, -0.14094053208827972, -0.09164398163557053, 1.941541075706482, 446.7754802316484) 28 35
27 fsimplus(1.6001439094543457, -0.15485748648643494, -0.1333259642124176, -0.19928979873657227, -547.4760668763516) 31 37
27 fsimplus(1.5230696201324463, -0.13302358984947205, -0.2830870449542999, -2.398369312286377, 305.1732155635432) 32 38
27 fsimplus(1.597196102142334, -0.14054419100284576, -1.0669587850570679, -0.07799580693244934, -554.6827558712216) 33 39
27 fsimplus(1.5530760288238525, -0.11834309995174408, -0.9747694134712219, -3.494321584701538, -694.4099458456951) 40 47
27 fsimplus(1.5406194925308228, -0.13480401039123535, -0.5722049474716187, -0.3444143533706665, -549.5930262762035) 43 49
27 fsimplus(1.5847784280776978, -0.16219915449619293, 0.6903707385063171, -1.7470723390579224, -222.93444161786783) 44 50
27 fsimplus(1.5336220264434814, -0.14085620641708374, -0.5170878767967224, -1.5452650785446167, 297.62523890385353) 45 51
27 fsimplus(1.6115257740020752, -0.11984996497631073, -0.9303760528564453, -0.40642449259757996, -320.23847130168275) 46 52
27 fsimplus(1.5518465042114258, -0.13150422275066376, -0.7843353748321533, -2.552105188369751, 865.5122800023248) 55 61
27 fsimplus(1.5914655923843384, -0.11815202236175537, 0.0834135040640831, -1.0118848085403442, 280.0944778014093) 56 62
27 fsimplus(1.608649492263794, -0.11975647509098053, 0.0055139572359621525, 1.766855001449585, 266.1736242607968) 57 63
27 fsimplus(1.5386476516723633, -0.12157969921827316, -0.8024630546569824, -1.6492602825164795, 313.34557980285496) 58 64
28 x_1_2 1
28 x_1_2 2
28 hz_1_2 3
28 x_1_2 4
28 y_1_2 7
28 hz_1_2 8
28 hz_1_2 9
28 y_1_2 10
28 y_1_2 11
28 y_1_2 12
28 hz_1_2 13
28 hz_1_2 14
28 y_1_2 15
28 y_1_2 16
28 hz_1_2 17
28 y_1_2 19
28 y_1_2 20
28 y_1_2 21
28 y_1_2 22
28 hz_1_2 23
28 hz_1_2 25
28 hz_1_2 26
28 y_1_2 27
28 hz_1_2 28
28 x_1_2 29
28 hz_1_2 31
28 y_1_2 32
28 hz_1_2 33
28 hz_1_2 34
28 y_1_2 35
28 hz_1_2 36
28 hz_1_2 37
28 hz_1_2 38
28 x_1_2 39
28 y_1_2 40
28 hz_1_2 41
28 x_1_2 43
28 y_1_2 44
28 x_1_2 45
28 hz_1_2 46
28 y_1_2 47
28 x_1_2 48
28 hz_1_2 49
28 hz_1_2 50
28 x_1_2 51
28 x_1_2 52
28 x_1_2 53
28 hz_1_2 55
28 x_1_2 56
28 hz_1_2 57
28 hz_1_2 58
28 y_1_2 59
28 x_1_2 61
28 y_1_2 62
28 x_1_2 63
28 x_1_2 64
29 fsimplus(1.5979554653167725, -0.10773517191410065, 1.4501397609710693, 3.719292402267456, -466.90169093938437) 3 9
29 fsimplus(1.6206047534942627, -0.1272132694721222, -0.9637511372566223, -0.9392303228378296, -535.4906268304973) 4 10
29 fsimplus(1.5413240194320679, -0.1283116191625595, 0.8466215133666992, 0.6190890073776245, -482.5674661188876) 7 12
29 fsimplus(1.6063297986984253, -0.11263466626405716, 0.40882909297943115, 0.8336535692214966, 378.34695875037085) 8 13
29 fsimplus(1.5983155965805054, -0.158058762550354, -0.4594337046146393, 0.4942000210285187, -228.47848150938708) 14 20
29 fsimplus(1.59918212890625, -0.12558265030384064, -0.4692456126213074, -1.0348939895629883, -323.9592471200418) 15 21
29 fsimplus(1.5381124019622803, -0.129357248544693, -0.18845537304878235, -1.3278207778930664, 487.8529732478391) 16 22
29 fsimplus(1.5323961973190308, -0.14528799057006836, 1.5222502946853638, -0.08053646981716156, -390.6882853007375) 23 28
29 fsimplus(1.6076531410217285, -0.14802110195159912, -0.053584180772304535, -1.5703483819961548, -288.17989602592337) 25 31
29 fsimplus(1.5436575412750244, -0.15254975855350494, 0.6418281197547913, -0.5436755418777466, 633.8603461633758) 26 32
29 fsimplus(1.598997950553894, -0.13433457911014557, 1.3404016494750977, 0.9307005405426025, -252.35287986953037) 27 33
29 fsimplus(1.5955685377120972, -0.13304831087589264, -0.44950228929519653, -2.0927577018737793, -121.65961804371423) 34 39
29 fsimplus(1.5310243368148804, -0.15074193477630615, 0.36913245916366577, 0.9948738217353821, -450.58392109472226) 35 40
29 fsimplus(1.5274745225906372, -0.1400471180677414, 1.2695279121398926, 0.0011498271487653255, 790.5587315280968) 37 43
29 fsimplus(1.531766653060913, -0.15104913711547852, 1.444717288017273, -0.46212872862815857, -357.92151894405305) 38 44
29 fsimplus(1.5244033336639404, -0.12593550980091095, -0.7218642830848694, 2.821868658065796, -137.5179459503754) 45 50
29 fsimplus(1.605748176574707, -0.1509491205215454, -1.514675259590149, -0.2703818082809448, 573.0936156940477) 46 51
29 fsimplus(1.531211256980896, -0.12840406596660614, -0.6747065782546997, -1.5842417478561401, 522.4356552303244) 47 52
29 fsimplus(1.5358898639678955, -0.13996633887290955, 0.7505143284797668, 0.7865577936172485, -237.7924373812652) 49 55
29 fsimplus(1.6150641441345215, -0.1307845413684845, 0.2545004189014435, 2.9044272899627686, 587.1977596550997) 56 61
29 fsimplus(1.5325641632080078, -0.12452762573957443, -0.5045234560966492, -1.5445146560668945, 514.8304040011828) 57 62
29 fsimplus(1.5275187492370605, -0.1414560079574585, 0.0701705813407898, 1.5085934400558472, -276.03464140944845) 58 63
29 fsimplus(1.6067646741867065, -0.12805402278900146, -1.052878737449646, 0.5938245058059692, 547.2862368054929) 59 64
30 hz_1_2 1
30 y_1_2 2
30 x_1_2 3
30 y_1_2 4
30 hz_1_2 7
30 y_1_2 8
30 y_1_2 9
30 x_1_2 10
30 hz_1_2 11
30 hz_1_2 12
30 x_1_2 13
30 y_1_2 14
30 hz_1_2 15
30 hz_1_2 16
30 x_1_2 17
30 hz_1_2 19
30 hz_1_2 20
30 x_1_2 21
30 hz_1_2 22
30 x_1_2 23
30 y_1_2 25
30 x_1_2 26
30 hz_1_2 27
30 x_1_2 28
30 y_1_2 29
30 x_1_2 31
30 x_1_2 32
30 x_1_2 33
30 x_1_2 34
30 x_1_2 35
30 x_1_2 36
30 x_1_2 37
30 y_1_2 38
30 y_1_2 39
30 hz_1_2 40
30 y_1_2 41
30 y_1_2 43
30 hz_1_2 44
30 y_1_2 45
30 y_1_2 46
30 hz_1_2 47
30 hz_1_2 48
30 y_1_2 49
30 y_1_2 50
30 y_1_2 51
30 hz_1_2 52
30 hz_1_2 53
30 y_1_2 55
30 hz_1_2 56
30 y_1_2 57
30 x_1_2 58
30 hz_1_2 59
30 hz_1_2 61
30 hz_1_2 62
30 hz_1_2 63
30 hz_1_2 64
31 fsimplus(1.5446350574493408, -0.13468104600906372, -0.6687090992927551, -0.795185387134552, 678.499021747188) 1 7
31 fsimplus(1.5307981967926025, -0.13552452623844147, 1.5385503768920898, -0.1771245002746582, -629.6696709678342) 2 8
31 fsimplus(1.617964506149292, -0.12122070789337158, 0.6821352243423462, -0.6313515901565552, 634.7849135291974) 9 14
31 fsimplus(1.632840633392334, -0.1428118646144867, 0.6131274700164795, 0.17972370982170105, 165.22128906433852) 10 15
31 fsimplus(1.5432918071746826, -0.11193565279245377, 0.8540021777153015, -0.0955786183476448, -233.24330552265357) 11 16
31 fsimplus(1.5604987144470215, -0.1448139250278473, -0.7449406385421753, 0.565971314907074, -179.53559993324052) 13 19
31 fsimplus(1.5242356061935425, -0.14853712916374207, -0.8374187350273132, 2.2156941890716553, -564.4169100872112) 17 23
31 fsimplus(1.5479425191879272, -0.09543639421463013, 0.38279932737350464, -0.35853591561317444, -195.8520197177434) 20 25
31 fsimplus(1.6059616804122925, -0.1287727802991867, -1.3430296182632446, -0.7409613132476807, -824.0225715356202) 21 26
31 fsimplus(1.5293766260147095, -0.14510102570056915, 0.6160158514976501, 0.7413054704666138, -265.13397422504914) 22 27
31 fsimplus(1.5485318899154663, -0.134323388338089, 0.973257303237915, 0.460052490234375, -250.17521207256428) 28 34
31 fsimplus(1.6048939228057861, -0.13388706743717194, -0.29760903120040894, -1.6896480321884155, -538.7233334409574) 29 35
31 fsimplus(1.5176513195037842, -0.13378562033176422, -0.5584571361541748, 1.9715285301208496, -333.67934194113843) 31 36
31 fsimplus(1.5248841047286987, -0.11243146657943726, 1.43203866481781, 1.06298828125, -717.923002513848) 32 37
31 fsimplus(1.6163146495819092, -0.1473688781261444, 1.085403323173523, 2.295940637588501, 664.4569080527875) 33 38
31 fsimplus(1.6081222295761108, -0.11798654496669769, -1.2561837434768677, 1.0439376831054688, 813.1305536905205) 39 45
31 fsimplus(1.5173612833023071, -0.13742820918560028, -0.46315112709999084, -2.284120559692383, 128.1275387106233) 40 46
31 fsimplus(1.6117135286331177, -0.12957586348056793, 0.2832072675228119, 1.8054405450820923, -536.1059188887249) 41 47
31 fsimplus(1.5955312252044678, -0.1527898609638214, 0.8986088633537292, 0.08721911907196045, -228.3860550792485) 43 48
31 fsimplus(1.5399425029754639, -0.155563086271286, 0.28087669610977173, 0.691842257976532, -481.0853630585441) 44 49
31 fsimplus(1.630867600440979, -0.1396857649087906, -0.01795892044901848, 1.9695262908935547, -112.88971330036749) 50 56
31 fsimplus(1.6132863759994507, -0.13656151294708252, -1.5900704860687256, 0.08506719768047333, -828.1597610954286) 51 57
31 fsimplus(1.5439438819885254, -0.13192331790924072, -0.459609717130661, -1.8153867721557617, 755.3482023511649) 52 58
31 fsimplus(1.6094332933425903, -0.12019175291061401, 0.2479204535484314, 0.6788816452026367, 820.5579022289237) 53 59
32 y_1_2 1
32 x_1_2 2
32 hz_1_2 3
32 x_1_2 4
32 x_1_2 7
32 hz_1_2 8
32 x_1_2 9
32 y_1_2 10
32 y_1_2 11
32 y_1_2 12
32 hz_1_2 13
32 x_1_2 14
32 x_1_2 15
32 y_1_2 16
32 hz_1_2 17
32 y_1_2 19
32 x_1_2 20
32 hz_1_2 21
32 x_1_2 22
32 y_1_2 23
32 hz_1_2 25
32 y_1_2 26
32 y_1_2 27
32 y_1_2 28
32 hz_1_2 29
32 hz_1_2 31
32 y_1_2 32
32 y_1_2 33
32 hz_1_2 34
32 hz_1_2 35
32 hz_1_2 36
32 hz_1_2 37
32 hz_1_2 38
32 x_1_2 39
32 x_1_2 40
32 hz_1_2 41
32 x_1_2 43
32 y_1_2 44
32 x_1_2 45
32 hz_1_2 46
32 y_1_2 47
32 y_1_2 48
32 hz_1_2 49
32 x_1_2 50
32 x_1_2 51
32 x_1_2 52
32 x_1_2 53
32 hz_1_2 55
32 y_1_2 56
32 hz_1_2 57
32 hz_1_2 58
32 y_1_2 59
32 y_1_2 61
32 y_1_2 62
32 x_1_2 63
32 y_1_2 64